	0	D	ATTCMDUWSP0WSI0Recs17
	21229	S	0	1	1	0	5	47	13.55	18.97	0.00				652	884	977	569	1005	876	604	457	625	983	759	731	466	359	479	526										13.60	13.45	14.38	13.24	0.00	0.00	0.00	0.00	36.27	45.74	28.91	51.59	
	0	D	RP0I73R2R16
	21230	F	0	1	1	0	5	59	13.56	18.24	0.00				
	0	D	RP0I90R2R15
	21231	F	0	1	1	0	6	4	13.56	19.47	0.00				
	0	D	RP0I107R2R14
	21232	F	0	1	1	0	6	9	13.59	19.65	0.00				
	0	D	RP0I124R2R13
	21233	F	0	1	1	0	6	14	13.57	19.88	0.00				
	0	D	RP0I141R2R12
	21234	F	0	1	1	0	6	19	13.57	20.04	0.00				
	0	D	RP0I158R2R11
	21235	F	0	1	1	0	6	24	13.56	20.13	0.00				
	0	D	RP0I175R2R10
	21236	F	0	1	1	0	6	29	13.55	20.09	0.00				
	0	D	RP0I192R2R9
	21237	F	0	1	1	0	6	34	13.53	20.05	0.00				
	0	D	RP0I209R2R8
	21238	F	0	1	1	0	6	39	13.54	20.04	0.00				
	0	D	RP0I226R2R7
	21239	F	0	1	1	0	6	44	13.56	19.97	0.00				
	0	D	RP0I243R2R6
	21240	F	0	1	1	0	6	49	13.55	19.98	0.00				
	0	D	RP1I4R2R5
	21241	M	0	1	1	0	6	54	13.49	19.97	0.00				654	886	981	570	1001	878	604	456	625	980	759	734	466	360	478	526										
	0	D	RP1I53R2R4
	21242	F	0	1	1	0	7	0	13.54	19.93	0.00				
	0	D	RP1I70R2R3
	21243	F	0	1	1	0	7	5	13.52	19.94	0.00				
	0	D	RP1I87R2R2
	21244	F	0	1	1	0	7	10	13.51	19.97	0.00				
	0	D	RP1I104R2R1
	21245	F	0	1	1	0	7	15	13.55	19.93	0.00				
	0	D	RP1I121R2R0
	0	D	ATTCMDUWSP1WSI121Recs2
	21246	F	0	1	1	0	7	20	13.55	19.92	0.00				
	0	D	RP1I138R2R1
	21247	F	0	1	1	0	7	25	13.56	19.88	0.00				
	0	D	RP1I155R2R0
	0	D	ATTCMDUWSP1WSI155Recs2
	21248	F	0	1	1	0	7	30	13.57	19.95	0.00				
	0	D	RP1I172R2R1
	21249	F	0	1	1	0	7	35	13.54	19.87	0.00				
	0	D	RP1I189R2R0
	0	D	ATTCMDUWSP1WSI189Recs2
	21250	F	0	1	1	0	7	40	13.53	19.88	0.00				
	0	D	RP1I206R2R1
	21251	F	0	1	1	0	7	45	13.54	19.88	0.00				
	0	D	RP1I223R2R0
	0	D	ATTCMDUWSP1WSI223Recs2
	21252	F	0	1	1	0	7	50	13.53	19.89	0.00				
	0	D	RP1I240R2R1
	21253	M	0	1	1	0	7	55	13.51	19.85	0.00				654	884	980	569	1003	878	604	456	625	978	759	734	466	359	479	526										
	0	D	RP2I33R2R0
	0	D	ATTCMDUWSP2WSI33Recs41
	21254	F	0	1	1	0	8	1	13.53	19.83	0.00				
	0	D	RP2I50R2R40
	21255	F	0	1	1	0	8	6	13.56	19.84	0.00				
	0	D	RP2I67R2R39
	21256	S	12	5	24	14	1	27	13.55	19.83	0.00				653	885	980	569	1001	877	605	456	625	980	759	732	467	360	479	526										13.66	13.48	14.43	13.30	0.00	0.00	0.00	0.00	36.35	45.69	28.96	51.50	
	0	D	RP2I140R2R38
	21257	F	12	5	24	14	1	39	13.54	19.80	0.00				
	0	D	RP2I157R2R37
	21258	F	12	5	24	14	1	44	13.53	19.76	0.00				
	0	D	RP2I174R2R36
	21259	F	12	5	24	14	1	49	13.54	19.77	0.00				
	0	D	RP2I191R2R35
	21260	F	12	5	24	14	1	54	13.53	19.83	0.00				
	0	D	RP2I208R2R34
	21261	F	12	5	24	14	1	59	13.53	19.75	0.00				
	0	D	RP2I225R2R33
	21262	F	12	5	24	14	2	4	13.51	19.73	0.00				
	0	D	RP2I242R2R32
	21263	F	12	5	24	14	2	9	13.55	19.37	0.00				
	0	D	RP3I3R2R31
	21264	F	12	5	24	14	2	14	13.53	15.30	0.00				
	0	D	RP3I20R2R30
	21265	F	12	5	24	14	2	19	13.59	19.37	0.00				
	0	D	RP3I37R2R29
	21266	F	12	5	24	14	2	24	13.56	13.70	0.00				
	0	D	RP3I54R2R28
	21267	F	12	5	24	14	2	29	13.51	13.67	0.00				
	0	D	RP3I71R2R27
	21268	M	12	5	24	14	2	34	13.59	13.72	0.00				654	886	980	569	1003	876	604	456	624	978	758	733	466	359	479	527										
	0	D	RP3I120R2R26
	21269	F	12	5	24	14	2	40	13.59	13.64	0.00				
	0	D	RP3I137R2R25
	21270	F	12	5	24	14	2	45	13.54	13.72	0.00				
	0	D	RP3I154R2R24
	21271	F	12	5	24	14	2	50	13.55	13.66	0.00				
	0	D	RP3I171R2R23
	21272	S	12	5	24	14	3	22	13.55	13.68	0.00				654	886	976	570	1003	876	604	456	624	980	758	734	467	359	479	526										13.56	13.44	14.42	13.23	0.00	0.00	0.00	0.00	36.15	45.74	28.78	51.58	
	0	D	RP3I244R2R22
	21273	F	12	5	24	14	3	33	13.53	13.69	0.00				
	0	D	RP4I5R2R21
	21274	F	12	5	24	14	3	38	13.57	13.73	0.00				
	0	D	RP4I22R2R20
	21275	F	12	5	24	14	3	43	13.53	13.63	0.00				
	0	D	RP4I39R2R19
	21276	F	12	5	24	14	3	48	13.58	13.69	0.00				
	0	D	RP4I56R2R18
	21277	F	12	5	24	14	3	53	13.53	13.71	0.00				
	0	D	RP4I73R2R17
	21278	F	12	5	24	14	3	58	13.57	13.69	0.00				
	0	D	RP4I90R2R16
	21279	F	12	5	24	14	4	3	13.62	13.69	0.00				
	0	D	RP4I107R2R15
	21280	F	12	5	24	14	4	8	13.55	13.71	0.00				
	0	D	RP4I124R2R14
	21281	F	12	5	24	14	4	13	13.56	17.68	0.00				
	0	D	RP4I141R2R13
	21282	F	12	5	24	14	4	18	13.57	19.50	0.00				
	0	D	RP4I158R2R12
	21283	F	12	5	24	14	4	23	13.55	16.53	0.00				
	0	D	RP4I175R2R11
	21284	M	12	5	24	14	4	28	13.55	18.87	0.00				655	886	979	569	1002	877	605	457	626	982	757	733	466	359	479	527										
	0	D	RP4I224R2R10
	21285	F	12	5	24	14	4	34	13.56	19.48	0.00				
	0	D	RP4I241R2R9
	21286	F	12	5	24	14	4	39	13.52	19.65	0.00				
	0	D	RP5I2R2R8
	21287	F	12	5	24	14	4	44	13.55	19.40	0.00				
	0	D	RP5I19R2R7
	21288	F	12	5	24	14	4	49	13.54	19.55	0.00				
	0	D	RP5I36R2R6
	21289	F	12	5	24	14	4	54	13.53	18.23	0.00				
	0	D	RP5I53R2R5
	21290	F	12	5	24	14	4	59	13.52	16.51	0.00				
	0	D	RP5I70R2R4
	21291	F	12	5	24	14	5	4	13.57	17.64	0.00				
	0	D	RP5I87R2R3
	21292	F	12	5	24	14	5	9	13.54	19.49	0.00				
	0	D	RP5I104R2R2
	21293	F	12	5	24	14	5	14	13.57	19.54	0.00				
	0	D	RP5I121R2R1
	21294	F	12	5	24	14	5	19	13.54	19.92	0.00				
	0	D	RP5I138R2R0
	0	D	ATTCMDUWSP5WSI138Recs2
	21295	F	12	5	24	14	5	24	13.53	19.49	0.00				
	0	D	RP5I155R2R1
	21296	M	12	5	24	14	5	29	13.54	16.44	0.00				654	888	980	571	1003	877	605	456	625	981	759	733	467	360	479	526										
	0	D	RP5I204R2R0
	0	D	ATTCMDUWSP5WSI204Recs2
	21297	F	12	5	24	14	5	35	13.56	13.70	0.00				
	0	D	RP5I221R2R1
	21298	F	12	5	24	14	5	40	13.53	13.72	0.00				
	0	D	RP5I238R2R0
	0	D	ATTQCMDUWSP5WSI238Recs1
	21299	F	12	5	24	14	5	45	13.53	13.66	0.00				
	0	D	RP5I255R2R0
	0	D	ATTCMDUWSP5WSI255Recs3
	21300	F	12	5	24	14	5	50	13.51	13.69	0.00				
	0	D	RP6I16R2R2
	21301	F	12	5	24	14	5	55	13.51	13.67	0.00				
	0	D	RP6I33R2R1
	21302	F	12	5	24	14	6	0	13.59	13.72	0.00				
	0	D	RP6I50R2R0
	0	D	ATTCMDUWSP6WSI50Recs49
	21303	F	12	5	24	14	6	5	13.53	13.80	0.00				
	0	D	RP6I67R2R48
	21304	F	12	5	24	14	6	10	13.56	13.70	0.00				
	0	D	RP6I84R2R47
	21305	F	12	5	24	14	6	15	13.55	17.07	0.00				
	0	D	RP6I101R2R46
	21306	F	12	5	24	14	6	20	13.57	19.86	0.00				
	0	D	RP6I118R2R45
	21307	F	12	5	24	14	6	25	13.52	15.36	0.00				
	0	D	RP6I135R2R44
	21308	M	12	5	24	14	6	30	13.59	19.57	0.00				655	886	977	569	1003	879	605	456	626	980	759	732	467	360	479	527										
	0	D	RP6I184R2R43
	21309	F	12	5	24	14	6	36	13.56	19.54	0.00				
	0	D	RP6I201R2R42
	21310	F	12	5	24	14	6	41	13.57	14.26	0.00				
	0	D	RP6I218R2R41
	21311	F	12	5	24	14	6	46	13.55	13.72	0.00				
	0	D	RP6I235R2R40
	21312	F	12	5	24	14	6	51	13.54	13.73	0.00				
	0	D	RP6I252R2R39
	21313	F	12	5	24	14	6	56	13.56	15.41	0.00				
	0	D	RP7I13R2R38
	21314	F	12	5	24	14	7	1	13.57	19.51	0.00				
	0	D	RP7I30R2R37
	21315	F	12	5	24	14	7	6	13.55	19.01	0.00				
	0	D	RP7I47R2R36
	21316	F	12	5	24	14	7	11	13.56	19.56	0.00				
	0	D	RP7I64R2R35
	21317	F	12	5	24	14	7	16	13.58	19.91	0.00				
	0	D	RP7I81R2R34
	21318	F	12	5	24	14	7	21	13.56	19.76	0.00				
	0	D	RP7I98R2R33
	21319	F	12	5	24	14	7	26	13.56	19.68	0.00				
	0	D	RP7I115R2R32
	21320	M	12	5	24	14	7	31	13.56	19.99	0.00				653	887	980	570	1005	878	606	457	626	980	758	733	467	359	479	526										
	0	D	RP7I164R2R31
	21321	F	12	5	24	14	7	37	13.55	20.02	0.00				
	0	D	RP7I181R2R30
	21322	F	12	5	24	14	7	42	13.54	20.05	0.00				
	0	D	RP7I198R2R29
	21323	F	12	5	24	14	7	47	13.55	20.07	0.00				
	0	D	RP7I215R2R28
	21324	F	12	5	24	14	7	52	13.55	19.87	0.00				
	0	D	RP7I232R2R27
	21325	F	12	5	24	14	7	57	13.53	19.95	0.00				
	0	D	RP7I249R2R26
	21326	F	12	5	24	14	8	2	13.52	19.85	0.00				
	0	D	RP8I10R2R25
	21327	F	12	5	24	14	8	7	13.52	19.51	0.00				
	0	D	RP8I27R2R24
	21328	F	12	5	24	14	8	12	13.56	16.86	0.00				
	0	D	RP8I44R2R23
	21329	F	12	5	24	14	8	17	13.53	14.75	0.00				
	0	D	RP8I61R2R22
	21330	F	12	5	24	14	8	22	13.55	15.38	0.00				
	0	D	RP8I78R2R21
	21331	F	12	5	24	14	8	27	13.55	18.64	0.00				
	0	D	RP8I95R2R20
	21332	S	12	5	24	14	8	32	13.53	18.09	0.00				654	889	980	570	1004	879	605	456	625	980	758	732	466	360	478	526										13.58	13.48	14.39	13.20	0.00	0.00	0.00	0.00	36.05	45.77	28.71	51.54	
	0	D	RP8I168R2R19
	21333	F	12	5	24	14	8	43	13.59	13.73	0.00				
	0	D	RP8I185R2R18
	21334	F	12	5	24	14	8	48	13.56	15.91	0.00				
	0	D	RP8I202R2R17
	21335	F	12	5	24	14	8	53	13.57	17.70	0.00				
	0	D	RP8I219R2R16
	21336	F	12	5	24	14	8	58	13.56	17.54	0.00				
	0	D	RP8I236R2R15
	21337	F	12	5	24	14	9	3	13.58	17.02	0.00				
	0	D	RP8I253R2R14
	21338	F	12	5	24	14	9	8	13.57	17.58	0.00				
	0	D	RP9I14R2R13
	21339	F	12	5	24	14	9	13	13.56	14.79	0.00				
	0	D	RP9I31R2R12
	21340	F	12	5	24	14	9	18	13.58	13.68	0.00				
	0	D	RP9I48R2R11
	21341	F	12	5	24	14	9	23	13.56	13.74	0.00				
	0	D	RP9I65R2R10
	21342	F	12	5	24	14	9	28	13.57	16.43	0.00				
	0	D	RP9I82R2R9
	21343	F	12	5	24	14	9	33	13.55	19.76	0.00				
	0	D	RP9I99R2R8
	21344	M	12	5	24	14	9	38	13.55	19.95	0.00				656	886	984	570	1003	880	605	457	625	978	758	732	466	360	479	526										
	0	D	RP9I148R2R7
	21345	F	12	5	24	14	9	44	13.56	20.05	0.00				
	0	D	RP9I165R2R6
	21346	F	12	5	24	14	9	49	13.55	20.04	0.00				
	0	D	RP9I182R2R5
	21347	F	12	5	24	14	9	54	13.54	20.01	0.00				
	0	D	RP9I199R2R4
	21348	F	12	5	24	14	9	59	13.54	19.97	0.00				
	0	D	RP9I216R2R3
	21349	F	12	5	24	14	10	4	13.53	19.93	0.00				
	0	D	RP9I233R2R2
	21350	F	12	5	24	14	10	9	13.52	19.99	0.00				
	0	D	RP9I250R2R1
	21351	F	12	5	24	14	10	14	13.52	19.98	0.00				
	0	D	RP10I11R2R0
	0	D	ATTCMDUWSP10WSI11Recs2
	21352	F	12	5	24	14	10	19	13.53	19.89	0.00				
	0	D	RP10I28R2R1
	21353	F	12	5	24	14	10	24	13.54	19.89	0.00				
	0	D	RP10I45R2R0
	0	D	ATTCMDUWSP10WSI45Recs2
	21354	F	12	5	24	14	10	29	13.56	19.85	0.00				
	0	D	RP10I62R2R1
	21355	F	12	5	24	14	10	34	13.53	19.89	0.00				
	0	D	RP10I79R2R0
	0	D	ATTCMDUWSP10WSI79Recs2
	21356	M	12	5	24	14	10	39	13.56	19.89	0.00				655	885	981	570	1006	879	606	456	625	982	759	731	466	359	478	526										
	0	D	RP10I128R2R1
	21357	F	12	5	24	14	10	45	13.53	19.89	0.00				
	0	D	RP10I145R2R0
	0	D	ATTCMDUWSP10WSI145Recs2
	21358	F	12	5	24	14	10	50	13.53	19.84	0.00				
	0	D	RP10I162R2R1
	21359	F	12	5	24	14	10	55	13.55	19.81	0.00				
	0	D	RP10I179R2R0
	0	D	ATTCMDUWSP10WSI179Recs3
	21360	F	12	5	24	14	11	0	13.56	19.82	0.00				
	0	D	RP10I196R2R2
	21361	F	12	5	24	14	11	5	13.53	19.73	0.00				
	0	D	RP10I213R2R1
	21362	F	12	5	24	14	11	10	13.55	19.82	0.00				
	0	D	RP10I230R2R0
	0	D	ATTCMDUWSP10WSI230Recs1
	21363	F	12	5	24	14	11	15	13.55	19.82	0.00				
	0	D	RP10I247R2R0
	0	D	ATTQCMDUWSP10WSI247Recs209
	21364	F	12	5	24	14	11	20	13.54	19.77	0.00				
	0	D	RP11I8R2R208
	21365	F	12	5	24	14	11	25	13.53	19.76	0.00				
	0	D	RP11I25R2R207
	21366	F	12	5	24	14	11	30	13.56	19.74	0.00				
	0	D	RP11I42R2R206
	21367	F	12	5	24	14	11	35	13.56	19.73	0.00				
	0	D	RP11I59R2R205
	21368	M	12	5	24	14	11	40	13.52	19.79	0.00				654	887	979	570	1004	878	604	456	624	981	757	733	466	359	479	526										
	0	D	RP11I108R2R204
	21369	F	12	5	24	14	11	46	13.56	19.78	0.00				
	0	D	RP11I125R2R203
	21370	F	12	5	24	14	11	51	13.52	19.75	0.00				
	0	D	RP11I142R2R202
	21371	F	12	5	24	14	11	56	13.53	19.75	0.00				
	0	D	RP11I159R2R201
	21372	F	12	5	24	14	12	1	13.53	19.78	0.00				
	0	D	RP11I176R2R200
	21373	F	12	5	24	14	12	6	13.58	19.72	0.00				
	0	D	RP11I193R2R199
	21374	F	12	5	24	14	12	11	13.57	19.75	0.00				
	0	D	RP11I210R2R198
	21375	F	12	5	24	14	12	16	13.53	19.77	0.00				
	0	D	RP11I227R2R197
	21376	F	12	5	24	14	12	21	13.52	19.77	0.00				
	0	D	RP11I244R2R196
	21377	F	12	5	24	14	12	26	13.55	19.75	0.00				
	0	D	RP12I5R2R195
	21378	F	12	5	24	14	12	31	13.52	19.74	0.00				
	0	D	RP12I22R2R194
	21379	F	12	5	24	14	12	36	13.55	19.68	0.00				
	0	D	RP12I39R2R193
	21380	M	12	5	24	14	12	41	13.54	19.74	0.00				655	887	982	570	1003	880	606	456	625	984	757	733	466	359	479	526										
	0	D	RP12I88R2R192
	21381	F	12	5	24	14	12	47	13.57	19.72	0.00				
	0	D	RP12I105R2R191
	21382	F	12	5	24	14	12	52	13.54	19.66	0.00				
	0	D	RP12I122R2R190
	21383	F	12	5	24	14	12	57	13.54	19.69	0.00				
	0	D	RP12I139R2R189
	21384	F	12	5	24	14	13	2	13.56	19.65	0.00				
	0	D	RP12I156R2R188
	21385	F	12	5	24	14	13	7	13.54	19.64	0.00				
	0	D	RP12I173R2R187
	21386	F	12	5	24	14	13	12	13.54	19.71	0.00				
	0	D	RP12I190R2R186
	21387	F	12	5	24	14	13	17	13.49	19.71	0.00				
	0	D	RP12I207R2R185
	21388	F	12	5	24	14	13	22	13.52	19.75	0.00				
	0	D	RP12I224R2R184
	21389	F	12	5	24	14	13	27	13.55	19.69	0.00				
	0	D	RP12I241R2R183
	21390	F	12	5	24	14	13	32	13.55	19.69	0.00				
	0	D	RP13I2R2R182
	21391	F	12	5	24	14	13	37	13.52	19.71	0.00				
	0	D	RP13I19R2R181
	21392	S	12	5	24	14	13	42	13.55	19.62	0.00				654	885	980	568	1003	881	604	456	626	981	757	733	465	359	478	526										13.55	13.45	14.38	13.21	0.00	0.00	0.00	0.00	35.91	45.69	28.56	51.60	
	0	D	RP13I92R2R180
	21393	F	12	5	24	14	13	53	13.55	19.62	0.00				
	0	D	RP13I109R2R179
	21394	F	12	5	24	14	13	58	13.54	19.64	0.00				
	0	D	RP13I126R2R178
	21395	F	12	5	24	14	14	3	13.56	19.63	0.00				
	0	D	RP13I143R2R177
	21396	F	12	5	24	14	14	8	13.54	19.64	0.00				
	0	D	RP13I160R2R176
	21397	F	12	5	24	14	14	13	13.54	19.55	0.00				
	0	D	RP13I177R2R175
	21398	F	12	5	24	14	14	18	13.56	19.61	0.00				
	0	D	RP13I194R2R174
	21399	F	12	5	24	14	14	23	13.59	19.61	0.00				
	0	D	RP13I211R2R173
	21400	F	12	5	24	14	14	28	13.53	19.60	0.00				
	0	D	RP13I228R2R172
	21401	F	12	5	24	14	14	33	13.56	19.56	0.00				
	0	D	RP13I245R2R171
	21402	F	12	5	24	14	14	38	13.57	19.53	0.00				
	0	D	RP14I6R2R170
	21403	F	12	5	24	14	14	43	13.56	19.56	0.00				
	0	D	RP14I23R2R169
	21404	M	12	5	24	14	14	48	13.53	19.53	0.00				654	885	979	570	1004	879	604	457	624	980	758	733	465	359	478	526										
	0	D	RP14I72R2R168
	21405	F	12	5	24	14	14	54	13.54	19.51	0.00				
	0	D	RP14I89R2R167
	21406	F	12	5	24	14	14	59	13.51	19.26	0.00				
	0	D	RP14I106R2R166
	21407	F	12	5	24	14	15	4	13.53	13.68	0.00				
	0	D	RP14I123R2R165
	21408	F	12	5	24	14	15	9	13.54	13.71	0.00				
	0	D	RP14I140R2R164
	21409	F	12	5	24	14	15	14	13.57	13.71	0.00				
	0	D	RP14I157R2R163
	21410	F	12	5	24	14	15	19	13.56	13.69	0.00				
	0	D	RP14I174R2R162
	21411	F	12	5	24	14	15	24	13.56	13.62	0.00				
	0	D	RP14I191R2R161
	21412	F	12	5	24	14	15	29	13.58	13.68	0.00				
	0	D	RP14I208R2R160
	21413	F	12	5	24	14	15	34	13.58	13.65	0.00				
	0	D	RP14I225R2R159
	21414	F	12	5	24	14	15	39	13.57	13.66	0.00				
	0	D	RP14I242R2R158
	21415	F	12	5	24	14	15	44	13.55	13.70	0.00				
	0	D	RP15I3R2R157
	21416	M	12	5	24	14	15	49	13.58	13.68	0.00				655	887	980	570	1005	878	606	458	624	979	758	732	467	359	479	525										
	0	D	RP15I52R2R156
	21417	F	12	5	24	14	15	55	13.56	13.68	0.00				
	0	D	RP15I69R2R155
	21418	F	12	5	24	14	16	0	13.54	13.71	0.00				
	0	D	RP15I86R2R154
	21419	F	12	5	24	14	16	5	13.56	13.65	0.00				
	0	D	RP15I103R2R153
	21420	F	12	5	24	14	16	10	13.56	13.61	0.00				
	0	D	RP15I120R2R152
	21421	F	12	5	24	14	16	15	13.55	13.69	0.00				
	0	D	RP15I137R2R151
	21422	F	12	5	24	14	16	20	13.54	13.61	0.00				
	0	D	RP15I154R2R150
	21423	F	12	5	24	14	16	25	13.54	13.69	0.00				
	0	D	RP15I171R2R149
	21424	F	12	5	24	14	16	30	13.56	13.69	0.00				
	0	D	RP15I188R2R148
	21425	F	12	5	24	14	16	35	13.58	13.70	0.00				
	0	D	RP15I205R2R147
	21426	F	12	5	24	14	16	40	13.55	13.70	0.00				
	0	D	RP15I222R2R146
	21427	F	12	5	24	14	16	45	13.56	13.68	0.00				
	0	D	RP15I239R2R145
	21428	M	12	5	24	14	16	50	13.55	13.66	0.00				654	884	980	571	1005	879	604	456	626	979	757	732	466	359	479	526										
	0	D	RP16I32R2R144
	21429	F	12	5	24	14	16	56	13.55	13.71	0.00				
	0	D	RP16I49R2R143
	21430	F	12	5	24	14	17	1	13.54	13.70	0.00				
	0	D	RP16I66R2R142
	21431	F	12	5	24	14	17	6	13.57	13.70	0.00				
	0	D	RP16I83R2R141
	21432	F	12	5	24	14	17	11	13.59	13.67	0.00				
	0	D	RP16I100R2R140
	21433	F	12	5	24	14	17	16	13.58	13.71	0.00				
	0	D	RP16I117R2R139
	21434	F	12	5	24	14	17	21	13.54	13.66	0.00				
	0	D	RP16I134R2R138
	21435	F	12	5	24	14	17	26	13.58	13.67	0.00				
	0	D	RP16I151R2R137
	21436	F	12	5	24	14	17	31	13.54	13.70	0.00				
	0	D	RP16I168R2R136
	21437	F	12	5	24	14	17	36	13.55	13.64	0.00				
	0	D	RP16I185R2R135
	21438	F	12	5	24	14	17	41	13.57	13.69	0.00				
	0	D	RP16I202R2R134
	21439	F	12	5	24	14	17	46	13.56	13.69	0.00				
	0	D	RP16I219R2R133
	21440	M	12	5	24	14	17	51	13.57	13.74	0.00				656	886	981	570	1005	882	605	456	624	981	758	730	466	359	478	526										
	0	D	RP17I12R2R132
	21441	F	12	5	24	14	17	57	13.55	13.71	0.00				
	0	D	RP17I29R2R131
	21442	F	12	5	24	14	18	2	13.57	13.68	0.00				
	0	D	RP17I46R2R130
	21443	F	12	5	24	14	18	7	13.55	13.72	0.00				
	0	D	RP17I63R2R129
	21444	F	12	5	24	14	18	12	13.56	13.71	0.00				
	0	D	RP17I80R2R128
	21445	F	12	5	24	14	18	17	13.57	13.73	0.00				
	0	D	RP17I97R2R127
	21446	F	12	5	24	14	18	22	13.57	13.70	0.00				
	0	D	RP17I114R2R126
	21447	F	12	5	24	14	18	27	13.56	13.69	0.00				
	0	D	RP17I131R2R125
	21448	F	12	5	24	14	18	32	13.58	13.66	0.00				
	0	D	RP17I148R2R124
	21449	F	12	5	24	14	18	37	13.55	13.69	0.00				
	0	D	RP17I165R2R123
	21450	F	12	5	24	14	18	42	13.55	13.66	0.00				
	0	D	RP17I182R2R122
	21451	F	12	5	24	14	18	47	13.60	13.68	0.00				
	0	D	RP17I199R2R121
	21452	S	12	5	24	14	18	52	13.54	13.74	0.00				655	885	979	570	1004	880	606	457	625	980	757	730	466	359	478	526										13.52	13.45	14.33	13.19	0.00	0.00	0.00	0.00	35.65	45.79	28.39	51.56	
	0	D	RP18I16R2R120
	21453	F	12	5	24	14	19	3	13.54	15.19	0.00				
	0	D	RP18I33R2R119
	21454	F	12	5	24	14	19	8	13.57	13.72	0.00				
	0	D	RP18I50R2R118
	21455	F	12	5	24	14	19	13	13.60	13.70	0.00				
	0	D	RP18I67R2R117
	21456	F	12	5	24	14	19	18	13.59	13.72	0.00				
	0	D	RP18I84R2R116
	21457	F	12	5	24	14	19	23	13.57	13.70	0.00				
	0	D	RP18I101R2R115
	21458	F	12	5	24	14	19	28	13.54	13.65	0.00				
	0	D	RP18I118R2R114
	21459	F	12	5	24	14	19	33	13.56	13.71	0.00				
	0	D	RP18I135R2R113
	21460	F	12	5	24	14	19	38	13.60	13.67	0.00				
	0	D	RP18I152R2R112
	21461	F	12	5	24	14	19	43	13.58	13.69	0.00				
	0	D	RP18I169R2R111
	21462	F	12	5	24	14	19	48	13.58	13.68	0.00				
	0	D	RP18I186R2R110
	21463	F	12	5	24	14	19	53	13.53	13.72	0.00				
	0	D	RP18I203R2R109
	21464	M	12	5	24	14	19	58	13.57	13.71	0.00				656	890	983	571	1007	879	605	457	626	983	759	730	466	359	478	527										
	0	D	RP18I252R2R108
	21465	F	12	5	24	14	20	4	13.57	13.66	0.00				
	0	D	RP19I13R2R107
	21466	F	12	5	24	14	20	9	13.57	13.73	0.00				
	0	D	RP19I30R2R106
	21467	F	12	5	24	14	20	14	13.56	13.71	0.00				
	0	D	RP19I47R2R105
	21468	F	12	5	24	14	20	19	13.54	13.74	0.00				
	0	D	RP19I64R2R104
	21469	F	12	5	24	14	20	24	13.56	13.72	0.00				
	0	D	RP19I81R2R103
	21470	F	12	5	24	14	20	29	13.60	13.70	0.00				
	0	D	RP19I98R2R102
	21471	F	12	5	24	14	20	34	13.55	13.75	0.00				
	0	D	RP19I115R2R101
	21472	F	12	5	24	14	20	39	13.56	13.68	0.00				
	0	D	RP19I132R2R100
	21473	F	12	5	24	14	20	44	13.57	13.72	0.00				
	0	D	RP19I149R2R99
	21474	F	12	5	24	14	20	49	13.58	13.71	0.00				
	0	D	RP19I166R2R98
	21475	F	12	5	24	14	20	54	13.53	13.69	0.00				
	0	D	RP19I183R2R97
	21476	M	12	5	24	14	20	59	13.56	13.70	0.00				654	888	980	571	1006	881	605	456	624	980	757	732	466	359	478	527										
	0	D	RP19I232R2R96
	21477	F	12	5	24	14	21	5	13.56	13.75	0.00				
	0	D	RP19I249R2R95
	21478	F	12	5	24	14	21	10	13.57	13.68	0.00				
	0	D	RP20I10R2R94
	21479	F	12	5	24	14	21	15	13.57	13.71	0.00				
	0	D	RP20I27R2R93
	21480	F	12	5	24	14	21	20	13.56	13.67	0.00				
	0	D	RP20I44R2R92
	21481	F	12	5	24	14	21	25	13.56	13.70	0.00				
	0	D	RP20I61R2R91
	21482	F	12	5	24	14	21	30	13.55	13.72	0.00				
	0	D	RP20I78R2R90
	21483	F	12	5	24	14	21	35	13.57	13.72	0.00				
	0	D	RP20I95R2R89
	21484	F	12	5	24	14	21	40	13.53	13.76	0.00				
	0	D	RP20I112R2R88
	21485	F	12	5	24	14	21	45	13.56	13.74	0.00				
	0	D	RP20I129R2R87
	21486	F	12	5	24	14	21	50	13.57	13.66	0.00				
	0	D	RP20I146R2R86
	21487	F	12	5	24	14	21	55	13.56	13.71	0.00				
	0	D	RP20I163R2R85
	21488	M	12	5	24	14	22	0	13.57	13.74	0.00				655	887	983	570	1004	882	605	456	624	983	757	732	466	359	479	526										
	0	D	RP20I212R2R84
	21489	F	12	5	24	14	22	6	13.53	13.74	0.00				
	0	D	RP20I229R2R83
	21490	F	12	5	24	14	22	11	13.57	13.69	0.00				
	0	D	RP20I246R2R82
	21491	F	12	5	24	14	22	16	13.57	13.72	0.00				
	0	D	RP21I7R2R81
	21492	F	12	5	24	14	22	21	13.57	13.71	0.00				
	0	D	RP21I24R2R80
	21493	F	12	5	24	14	22	26	13.55	13.69	0.00				
	0	D	RP21I41R2R79
	21494	F	12	5	24	14	22	31	13.57	13.69	0.00				
	0	D	RP21I58R2R78
	21495	F	12	5	24	14	22	36	13.57	13.70	0.00				
	0	D	RP21I75R2R77
	21496	F	12	5	24	14	22	41	13.55	13.68	0.00				
	0	D	RP21I92R2R76
	21497	F	12	5	24	14	22	46	13.54	13.71	0.00				
	0	D	RP21I109R2R75
	21498	F	12	5	24	14	22	51	13.58	13.68	0.00				
	0	D	RP21I126R2R74
	21499	F	12	5	24	14	22	56	13.57	13.74	0.00				
	0	D	RP21I143R2R73
	21500	M	12	5	24	14	23	1	13.57	13.74	0.00				655	884	984	570	1006	882	607	457	626	979	757	731	466	360	478	526										
	0	D	RP21I192R2R72
	21501	F	12	5	24	14	23	7	13.58	13.71	0.00				
	0	D	RP21I209R2R71
	21502	F	12	5	24	14	23	12	13.59	13.70	0.00				
	0	D	RP21I226R2R70
	21503	F	12	5	24	14	23	17	13.56	13.69	0.00				
	0	D	RP21I243R2R69
	21504	F	12	5	24	14	23	22	13.59	13.78	0.00				
	0	D	RP22I4R2R68
	21505	F	12	5	24	14	23	27	13.54	15.99	0.00				
	0	D	RP22I21R2R67
	21506	F	12	5	24	14	23	32	13.54	15.44	0.00				
	0	D	RP22I38R2R66
	21507	F	12	5	24	14	23	37	13.60	13.71	0.00				
	0	D	RP22I55R2R65
	21508	F	12	5	24	14	23	42	13.59	16.10	0.00				
	0	D	RP22I72R2R64
	21509	F	12	5	24	14	23	47	13.58	19.23	0.00				
	0	D	RP22I89R2R63
	21510	F	12	5	24	14	23	52	13.54	17.94	0.00				
	0	D	RP22I106R2R62
	21511	F	12	5	24	14	23	57	13.56	15.51	0.00				
	0	D	RP22I123R2R61
	21512	S	12	5	24	14	24	2	13.57	15.49	0.00				657	886	982	570	1005	882	605	457	626	982	756	732	465	359	479	526										13.51	13.35	14.25	13.16	0.00	0.00	0.00	0.00	35.64	45.71	28.36	51.52	
	0	D	RP22I196R2R60
	21513	F	12	5	24	14	24	13	13.56	20.11	0.00				
	0	D	RP22I213R2R59
	21514	F	12	5	24	14	24	18	13.58	20.14	0.00				
	0	D	RP22I230R2R58
	21515	F	12	5	24	14	24	23	13.58	20.31	0.00				
	0	D	RP22I247R2R57
	21516	F	12	5	24	14	24	28	13.52	20.34	0.00				
	0	D	RP23I8R2R56
	21517	F	12	5	24	14	24	33	13.53	20.35	0.00				
	0	D	RP23I25R2R55
	21518	F	12	5	24	14	24	38	13.52	20.26	0.00				
	0	D	RP23I42R2R54
	21519	F	12	5	24	14	24	43	13.53	20.30	0.00				
	0	D	RP23I59R2R53
	21520	F	12	5	24	14	24	48	13.53	20.25	0.00				
	0	D	RP23I76R2R52
	21521	F	12	5	24	14	24	53	13.56	20.25	0.00				
	0	D	RP23I93R2R51
	21522	F	12	5	24	14	24	58	13.54	20.18	0.00				
	0	D	RP23I110R2R50
	21523	F	12	5	24	14	25	3	13.56	20.03	0.00				
	0	D	RP23I127R2R49
	21524	M	12	5	24	14	25	8	13.55	20.17	0.00				654	888	978	571	1005	882	606	456	625	980	757	732	465	359	478	526										
	0	D	RP23I176R2R48
	21525	F	12	5	24	14	25	14	13.57	20.17	0.00				
	0	D	RP23I193R2R47
	21526	F	12	5	24	14	25	19	13.57	20.16	0.00				
	0	D	RP23I210R2R46
	21527	F	12	5	24	14	25	24	13.56	20.22	0.00				
	0	D	RP23I227R2R45
	21528	F	12	5	24	14	25	29	13.56	20.15	0.00				
	0	D	RP23I244R2R44
	21529	F	12	5	24	14	25	34	13.54	20.21	0.00				
	0	D	RP24I5R2R43
	21530	F	12	5	24	14	25	39	13.56	20.15	0.00				
	0	D	RP24I22R2R42
	21531	F	12	5	24	14	25	44	13.55	20.09	0.00				
	0	D	RP24I39R2R41
	21532	F	12	5	24	14	25	49	13.55	20.08	0.00				
	0	D	RP24I56R2R40
	21533	F	12	5	24	14	25	54	13.55	20.11	0.00				
	0	D	RP24I73R2R39
	21534	F	12	5	24	14	25	59	13.56	20.09	0.00				
	0	D	RP24I90R2R38
	21535	F	12	5	24	14	26	4	13.58	20.00	0.00				
	0	D	RP24I107R2R37
	21536	M	12	5	24	14	26	9	13.55	20.00	0.00				656	887	981	571	1005	879	605	457	625	980	756	732	466	360	479	526										
	0	D	RP24I156R2R36
	21537	F	12	5	24	14	26	15	13.51	19.72	0.00				
	0	D	RP24I173R2R35
	21538	F	12	5	24	14	26	20	13.53	19.88	0.00				
	0	D	RP24I190R2R34
	21539	F	12	5	24	14	26	25	13.57	20.02	0.00				
	0	D	RP24I207R2R33
	21540	F	12	5	24	14	26	30	13.54	20.02	0.00				
	0	D	RP24I224R2R32
	21541	F	12	5	24	14	26	35	13.54	19.89	0.00				
	0	D	RP24I241R2R31
	21542	F	12	5	24	14	26	40	13.55	19.73	0.00				
	0	D	RP25I2R2R30
	21543	F	12	5	24	14	26	45	13.58	16.46	0.00				
	0	D	RP25I19R2R29
	21544	F	12	5	24	14	26	50	13.55	13.74	0.00				
	0	D	RP25I36R2R28
	21545	F	12	5	24	14	26	55	13.57	13.70	0.00				
	0	D	RP25I53R2R27
	21546	F	12	5	24	14	27	0	13.59	13.72	0.00				
	0	D	RP25I70R2R26
	21547	F	12	5	24	14	27	5	13.54	13.76	0.00				
	0	D	RP25I87R2R25
	21548	M	12	5	24	14	27	10	13.55	13.72	0.00				655	884	980	571	1004	880	607	456	626	981	756	732	467	359	478	527										
	0	D	RP25I136R2R24
	21549	F	12	5	24	14	27	16	13.56	13.68	0.00				
	0	D	RP25I153R2R23
	21550	F	12	5	24	14	27	21	13.57	13.64	0.00				
	0	D	RP25I170R2R22
	21551	F	12	5	24	14	27	26	13.58	13.68	0.00				
	0	D	RP25I187R2R21
	21552	F	12	5	24	14	27	31	13.55	13.72	0.00				
	0	D	RP25I204R2R20
	21553	F	12	5	24	14	27	36	13.58	13.70	0.00				
	0	D	RP25I221R2R19
	21554	F	12	5	24	14	27	41	13.57	13.67	0.00				
	0	D	RP25I238R2R18
	21555	F	12	5	24	14	27	46	13.56	13.70	0.00				
	0	D	RP25I255R2R17
	21556	F	12	5	24	14	27	51	13.57	13.72	0.00				
	0	D	RP26I16R2R16
	21557	F	12	5	24	14	27	56	13.57	13.65	0.00				
	0	D	RP26I33R2R15
	21558	F	12	5	24	14	28	1	13.56	13.65	0.00				
	0	D	RP26I50R2R14
	21559	F	12	5	24	14	28	6	13.59	13.66	0.00				
	0	D	RP26I67R2R13
	21560	M	12	5	24	14	28	11	13.59	13.65	0.00				656	888	981	571	1005	881	607	457	624	983	756	732	466	359	479	527										
	0	D	RP26I116R2R12
	21561	F	12	5	24	14	28	17	13.60	13.69	0.00				
	0	D	RP26I133R2R11
	21562	F	12	5	24	14	28	22	13.59	13.75	0.00				
	0	D	RP26I150R2R10
	21563	F	12	5	24	14	28	27	13.56	13.68	0.00				
	0	D	RP26I167R2R9
	21564	F	12	5	24	14	28	32	13.55	13.70	0.00				
	0	D	RP26I184R2R8
	21565	F	12	5	24	14	28	37	13.59	13.71	0.00				
	0	D	RP26I201R2R7
	21566	F	12	5	24	14	28	42	13.54	13.71	0.00				
	0	D	RP26I218R2R6
	21567	F	12	5	24	14	28	47	13.54	13.71	0.00				
	0	D	RP26I235R2R5
	21568	F	12	5	24	14	28	52	13.59	13.68	0.00				
	0	D	RP26I252R2R4
	21569	F	12	5	24	14	28	57	13.55	13.71	0.00				
	0	D	RP27I13R2R3
	21570	F	12	5	24	14	29	2	13.54	13.72	0.00				
	0	D	RP27I30R2R2
	21571	F	12	5	24	14	29	7	13.57	13.72	0.00				
	0	D	RP27I47R2R1
	21572	S	12	5	24	14	29	12	13.54	13.70	0.00				655	888	982	572	1004	881	607	458	626	982	757	730	466	360	478	526										13.50	13.35	14.29	13.10	0.00	0.00	0.00	0.00	35.51	45.81	28.29	51.49	
	0	D	RP27I120R2R0
	0	D	ATTCMDUWSP27WSI120Recs4
	21573	F	12	5	24	14	29	23	13.59	13.69	0.00				
	0	D	RP27I137R2R3
	21574	F	12	5	24	14	29	28	13.56	13.68	0.00				
	0	D	RP27I154R2R2
	21575	F	12	5	24	14	29	33	13.59	13.70	0.00				
	0	D	RP27I171R2R1
	21576	F	12	5	24	14	29	38	13.57	13.75	0.00				
	0	D	RP27I188R2R0
	0	D	ATTCMDUWSP27WSI188Recs2
	21577	F	12	5	24	14	29	43	13.59	13.68	0.00				
	0	D	RP27I205R2R1
	21578	F	12	5	24	14	29	48	13.56	13.67	0.00				
	0	D	RP27I222R2R0
	0	D	ATTCMDUWSP27WSI222Recs2
	21579	F	12	5	24	14	29	53	13.61	13.77	0.00				
	0	D	RP27I239R2R1
	21580	F	12	5	24	14	29	58	13.58	13.68	0.00				
	0	D	RP28I0R2R0
	0	D	ATTCMDUWSP28WSI0Recs3
	21581	F	12	5	24	14	30	3	13.55	13.66	0.00				
	0	D	RP28I17R2R2
	21582	F	12	5	24	14	30	8	13.58	13.73	0.00				
	0	D	RP28I34R2R1
	21583	F	12	5	24	14	30	13	13.56	14.41	0.00				
	0	D	RP28I51R2R0
	0	D	ATTQCMDUWSP28WSI51Recs1
	21584	M	12	5	24	14	30	18	13.58	13.71	0.00				655	885	984	571	1007	882	606	456	624	979	757	731	466	359	479	527										
	0	D	RP28I100R2R0
	0	D	ATTCMDUWSP28WSI100Recs2
	21585	F	12	5	24	14	30	24	13.58	13.76	0.00				
	0	D	RP28I117R2R1
	21586	F	12	5	24	14	30	29	13.54	13.97	0.00				
	0	D	RP28I134R2R0
	0	D	ATTCMDUWSP28WSI134Recs2
	21587	F	12	5	24	14	30	34	13.56	14.17	0.00				
	0	D	RP28I151R2R1
	21588	F	12	5	24	14	30	39	13.57	13.75	0.00				
	0	D	RP28I168R2R0
	0	D	ATTCMDUWSP28WSI168Recs2
	21589	F	12	5	24	14	30	44	13.53	13.72	0.00				
	0	D	RP28I185R2R1
	21590	F	12	5	24	14	30	49	13.57	14.26	0.00				
	0	D	RP28I202R2R0
	0	D	ATTCMDUWSP28WSI202Recs2
	21591	F	12	5	24	14	30	54	13.59	13.74	0.00				
	0	D	RP28I219R2R1
	21592	F	12	5	24	14	30	59	13.59	13.70	0.00				
	0	D	RP28I236R2R0
	0	D	ATTCMDUWSP28WSI236Recs3
	21593	F	12	5	24	14	31	4	13.58	14.33	0.00				
	0	D	RP28I253R2R2
	21594	F	12	5	24	14	31	9	13.58	16.71	0.00				
	0	D	RP29I14R2R1
	21595	F	12	5	24	14	31	14	13.56	16.67	0.00				
	0	D	RP29I31R2R0
	0	D	ATTCMDUWSP29WSI31Recs1
	21596	M	12	5	24	14	31	19	13.59	13.73	0.00				654	889	983	571	1005	881	607	457	626	981	759	731	466	359	479	526										
	0	D	RP29I80R2R0
	0	D	ATTCMDUWSP29WSI80Recs2
	21597	F	12	5	24	14	31	25	13.57	13.75	0.00				
	0	D	RP29I97R2R1
	21598	F	12	5	24	14	31	30	13.55	13.70	0.00				
	0	D	RP29I114R2R0
	0	D	ATTCMDUWSP29WSI114Recs2
	21599	F	12	5	24	14	31	35	13.58	13.73	0.00				
	0	D	RP29I131R2R1
	21600	F	12	5	24	14	31	40	13.56	14.70	0.00				
	0	D	RP29I148R2R0
	0	D	ATTCMDUWSP29WSI148Recs2
	21601	F	12	5	24	14	31	45	13.55	15.52	0.00				
	0	D	RP29I165R2R1
	21602	F	12	5	24	14	31	50	13.57	15.51	0.00				
	0	D	RP29I182R2R0
	0	D	ATTCMDUWSP29WSI182Recs2
	21603	F	12	5	24	14	31	55	13.56	16.15	0.00				
	0	D	RP29I199R2R1
	21604	F	12	5	24	14	32	0	13.60	19.95	0.00				
	0	D	RP29I216R2R0
	0	D	ATTCMDUWSP29WSI216Recs3
	21605	F	12	5	24	14	32	5	13.55	20.12	0.00				
	0	D	RP29I233R2R2
	21606	F	12	5	24	14	32	10	13.56	20.35	0.00				
	0	D	RP29I250R2R1
	21607	F	12	5	24	14	32	15	13.57	20.42	0.00				
	0	D	RP30I11R2R0
	0	D	ATTCMDUWSP30WSI11Recs1
	21608	M	12	5	24	14	32	20	13.52	20.48	0.00				655	887	980	571	1006	882	607	457	625	980	758	731	467	359	479	526										
	0	D	RP30I60R2R0
	0	D	ATTCMDUWSP30WSI60Recs2
	21609	F	12	5	24	14	32	26	13.53	20.49	0.00				
	0	D	RP30I77R2R1
	21610	F	12	5	24	14	32	31	13.55	20.50	0.00				
	0	D	RP30I94R2R0
	0	D	ATTCMDUWSP30WSI94Recs2
	21611	F	12	5	24	14	32	36	13.50	20.49	0.00				
	0	D	RP30I111R2R1
	21612	F	12	5	24	14	32	41	13.55	20.41	0.00				
	0	D	RP30I128R2R0
	0	D	ATTCMDUWSP30WSI128Recs2
	21613	F	12	5	24	14	32	46	13.55	20.41	0.00				
	0	D	RP30I145R2R1
	21614	F	12	5	24	14	32	51	13.56	20.37	0.00				
	0	D	RP30I162R2R0
	0	D	ATTCMDUWSP30WSI162Recs10
	21615	F	12	5	24	14	32	56	13.53	20.41	0.00				
	0	D	RP30I179R2R9
	21616	F	12	5	24	14	33	1	13.54	20.37	0.00				
	0	D	RP30I196R2R8
	21617	F	12	5	24	14	33	6	13.57	20.37	0.00				
	0	D	RP30I213R2R7
	21618	F	12	5	24	14	33	11	13.49	20.39	0.00				
	0	D	RP30I230R2R6
	21619	F	12	5	24	14	33	16	13.55	20.36	0.00				
	0	D	RP30I247R2R5
	21620	S	10	10	10	10	10	14	13.55	20.17	0.00				657	888	979	571	1006	882	607	457	625	980	758	731	466	359	479	526										13.51	13.34	14.23	13.16	0.00	0.00	0.00	0.00	35.51	45.67	28.23	51.53	
	0	D	RP31I64R2R4
	21621	F	10	10	10	10	10	25	13.53	19.93	0.00				
	0	D	RP31I81R2R3
	21622	F	10	10	10	10	10	30	13.54	19.83	0.00				
	0	D	RP31I98R2R2
	21623	F	10	10	10	10	10	35	13.54	15.94	0.00				
	0	D	RP31I115R2R1
	21624	F	10	10	10	10	10	40	13.58	13.71	0.00				
	0	D	RP31I132R2R0
	0	D	ATTCMDUWSP31WSI132Recs2
	21625	F	10	10	10	10	10	45	13.55	13.71	0.00				
	0	D	RP31I149R2R1
	21626	F	10	10	10	10	10	50	13.55	13.73	0.00				
	0	D	RP31I166R2R0
	0	D	ATTCMDUWSP31WSI166Recs2
	21627	F	10	10	10	10	10	55	13.58	15.38	0.00				
	0	D	RP31I183R2R1
	21628	F	10	10	10	10	11	0	13.59	14.83	0.00				
	0	D	RP31I200R2R0
	0	D	ATTCMDUWSP31WSI200Recs2
	21629	F	10	10	10	10	11	5	13.59	13.74	0.00				
	0	D	RP31I217R2R1
	21630	F	10	10	10	10	11	10	13.54	16.57	0.00				
	0	D	RP31I234R2R0
	0	D	ATTCMDUWSP31WSI234Recs2
	21631	F	10	10	10	10	11	15	13.56	18.96	0.00				
	0	D	RP31I251R2R1
	21632	M	10	10	10	10	11	20	13.56	18.51	0.00				656	889	984	571	1005	883	607	457	626	980	758	730	466	359	479	527										
	0	D	RP32I44R2R0
	0	D	ATTQCMDUWSP32WSI44Recs3
	21633	F	10	10	10	10	11	26	13.56	14.84	0.00				
	0	D	RP32I61R2R2
	21634	F	10	10	10	10	11	31	13.58	13.72	0.00				
	0	D	RP32I78R2R1
	21635	S	12	5	24	14	35	4	13.57	13.72	0.00				656	890	983	571	1006	881	606	457	625	980	758	731	466	359	479	526										13.51	13.42	14.32	13.17	0.00	0.00	0.00	0.00	35.42	45.73	28.18	51.58	
	0	D	RP32I151R2R0
	0	D	ATTCMDUWSP32WSI151Recs2
	21636	F	12	5	24	14	35	16	13.54	13.79	0.00				
	0	D	RP32I168R2R1
	21637	F	12	5	24	14	35	21	13.54	13.74	0.00				
	0	D	RP32I185R2R0
