	0	D	ATTCMDUWSP1513WSI46Recs158
	19302	M	12	5	22	17	43	54	13.00	13.08	0.00				681	862	959	604	1010	898	651	469	631	945	783	742	460	363	489	538										
	0	D	RP1513I95R2R157
	19303	F	12	5	22	17	43	59	12.97	13.14	0.00				
	0	D	RP1513I112R2R156
	19304	F	12	5	22	17	44	4	12.94	13.11	0.00				
	0	D	RP1513I129R2R155
	19305	F	12	5	22	17	44	9	12.99	13.11	0.00				
	0	D	RP1513I146R2R154
	19306	F	12	5	22	17	44	14	12.96	13.09	0.00				
	0	D	RP1513I163R2R153
	19307	F	12	5	22	17	44	19	12.97	13.11	0.00				
	0	D	RP1513I180R2R152
	19308	F	12	5	22	17	44	24	12.97	13.03	0.00				
	0	D	RP1513I197R2R151
	19309	F	12	5	22	17	44	29	12.97	13.04	0.00				
	0	D	RP1513I214R2R150
	19310	F	12	5	22	17	44	34	12.98	13.10	0.00				
	0	D	RP1513I231R2R149
	19311	F	12	5	22	17	44	41	13.00	13.09	0.00				
	0	D	RP1513I248R2R148
	19312	F	12	5	22	17	44	46	12.99	13.05	0.00				
	0	D	RP1514I9R2R147
	19313	F	12	5	22	17	44	51	12.97	13.06	0.00				
	0	D	RP1514I26R2R146
	19314	M	12	5	22	17	44	56	12.99	13.07	0.00				681	863	959	604	1010	898	651	469	631	945	783	741	460	363	489	538										
	0	D	RP1514I75R2R145
	19315	F	12	5	22	17	45	1	12.98	13.04	0.00				
	0	D	RP1514I92R2R144
	19316	F	12	5	22	17	45	6	12.95	13.05	0.00				
	0	D	RP1514I109R2R143
	19317	F	12	5	22	17	45	11	13.00	13.10	0.00				
	0	D	RP1514I126R2R142
	19318	F	12	5	22	17	45	16	12.99	13.07	0.00				
	0	D	RP1514I143R2R141
	19319	F	12	5	22	17	45	21	12.94	13.05	0.00				
	0	D	RP1514I160R2R140
	19320	F	12	5	22	17	45	26	12.97	13.05	0.00				
	0	D	RP1514I177R2R139
	19321	F	12	5	22	17	45	31	12.98	13.11	0.00				
	0	D	RP1514I194R2R138
	19322	F	12	5	22	17	45	36	13.01	13.11	0.00				
	0	D	RP1514I211R2R137
	19323	F	12	5	22	17	45	41	13.00	13.11	0.00				
	0	D	RP1514I228R2R136
	19324	F	12	5	22	17	45	46	12.99	13.11	0.00				
	0	D	RP1514I245R2R135
	19325	F	12	5	22	17	45	51	12.96	13.05	0.00				
	0	D	RP1515I6R2R134
	19326	M	12	5	22	17	45	56	12.99	13.10	0.00				681	863	959	604	1010	898	652	469	631	945	783	742	460	363	489	538										
	0	D	RP1515I55R2R133
	19327	F	12	5	22	17	46	1	12.98	13.12	0.00				
	0	D	RP1515I72R2R132
	19328	F	12	5	22	17	46	6	12.94	13.13	0.00				
	0	D	RP1515I89R2R131
	19329	F	12	5	22	17	46	11	13.00	13.13	0.00				
	0	D	RP1515I106R2R130
	19330	F	12	5	22	17	46	16	13.03	13.12	0.00				
	0	D	RP1515I123R2R129
	19331	F	12	5	22	17	46	21	12.97	13.14	0.00				
	0	D	RP1515I140R2R128
	19332	F	12	5	22	17	46	26	12.96	13.11	0.00				
	0	D	RP1515I157R2R127
	19333	F	12	5	22	17	46	31	13.00	13.11	0.00				
	0	D	RP1515I174R2R126
	19334	F	12	5	22	17	46	36	12.96	13.12	0.00				
	0	D	RP1515I191R2R125
	19335	F	12	5	22	17	46	41	12.98	13.07	0.00				
	0	D	RP1515I208R2R124
	19336	F	12	5	22	17	46	46	13.02	13.06	0.00				
	0	D	RP1515I225R2R123
	19337	F	12	5	22	17	46	51	13.00	13.10	0.00				
	0	D	RP1515I242R2R122
	19338	M	12	5	22	17	46	56	13.00	13.12	0.00				681	863	959	604	1010	898	652	469	631	945	783	742	460	363	489	538										
	0	D	RP1516I35R2R121
	19339	F	12	5	22	17	47	1	12.99	13.13	0.00				
	0	D	RP1516I52R2R120
	19340	F	12	5	22	17	47	6	12.98	13.07	0.00				
	0	D	RP1516I69R2R119
	19341	F	12	5	22	17	47	11	13.00	13.10	0.00				
	0	D	RP1516I86R2R118
	19342	F	12	5	22	17	47	16	12.99	13.09	0.00				
	0	D	RP1516I103R2R117
	19343	F	12	5	22	17	47	21	13.00	13.14	0.00				
	0	D	RP1516I120R2R116
	19344	F	12	5	22	17	47	26	12.99	13.12	0.00				
	0	D	RP1516I137R2R115
	19345	F	12	5	22	17	47	31	12.99	13.10	0.00				
	0	D	RP1516I154R2R114
	19346	F	12	5	22	17	47	36	13.01	13.14	0.00				
	0	D	RP1516I171R2R113
	19347	F	12	5	22	17	47	41	13.01	13.08	0.00				
	0	D	RP1516I188R2R112
	19348	F	12	5	22	17	47	46	13.00	13.10	0.00				
	0	D	RP1516I205R2R111
	19349	F	12	5	22	17	47	51	13.01	13.13	0.00				
	0	D	RP1516I222R2R110
	19350	S	12	5	22	17	47	56	13.00	13.12	0.00				681	862	958	604	1010	898	652	469	631	945	783	741	460	363	489	538										12.69	12.72	13.52	12.48	0.00	0.00	0.00	0.00	30.04	45.21	23.90	50.41	
	0	D	RP1517I39R2R109
	19351	F	12	5	22	17	48	6	12.99	13.08	0.00				
	0	D	RP1517I56R2R108
	19352	F	12	5	22	17	48	11	12.97	13.16	0.00				
	0	D	RP1517I73R2R107
	19353	F	12	5	22	17	48	16	12.99	13.08	0.00				
	0	D	RP1517I90R2R106
	19354	F	12	5	22	17	48	21	12.98	13.10	0.00				
	0	D	RP1517I107R2R105
	19355	F	12	5	22	17	48	26	13.01	13.16	0.00				
	0	D	RP1517I124R2R104
	19356	F	12	5	22	17	48	31	12.99	13.12	0.00				
	0	D	RP1517I141R2R103
	19357	F	12	5	22	17	48	36	12.97	13.10	0.00				
	0	D	RP1517I158R2R102
	19358	F	12	5	22	17	48	41	12.97	13.12	0.00				
	0	D	RP1517I175R2R101
	19359	F	12	5	22	17	48	46	12.93	13.07	0.00				
	0	D	RP1517I192R2R100
	19360	F	12	5	22	17	48	51	13.00	13.12	0.00				
	0	D	RP1517I209R2R99
	19361	F	12	5	22	17	48	56	13.01	13.08	0.00				
	0	D	RP1517I226R2R98
	19362	M	12	5	22	17	49	1	13.01	13.08	0.00				681	863	959	604	1010	898	652	469	631	945	783	741	460	363	489	538										
	0	D	RP1518I19R2R97
	19363	F	12	5	22	17	49	6	13.00	13.14	0.00				
	0	D	RP1518I36R2R96
	19364	F	12	5	22	17	49	11	12.96	13.13	0.00				
	0	D	RP1518I53R2R95
	19365	F	12	5	22	17	49	16	13.00	13.10	0.00				
	0	D	RP1518I70R2R94
	19366	F	12	5	22	17	49	21	13.02	13.08	0.00				
	0	D	RP1518I87R2R93
	19367	F	12	5	22	17	49	26	13.03	13.08	0.00				
	0	D	RP1518I104R2R92
	19368	F	12	5	22	17	49	31	13.01	13.09	0.00				
	0	D	RP1518I121R2R91
	19369	F	12	5	22	17	49	36	13.01	13.12	0.00				
	0	D	RP1518I138R2R90
	19370	F	12	5	22	17	49	41	12.97	13.13	0.00				
	0	D	RP1518I155R2R89
	19371	F	12	5	22	17	49	46	13.01	13.11	0.00				
	0	D	RP1518I172R2R88
	19372	F	12	5	22	17	49	51	13.02	13.13	0.00				
	0	D	RP1518I189R2R87
	19373	F	12	5	22	17	49	56	13.01	13.18	0.00				
	0	D	RP1518I206R2R86
	19374	M	12	5	22	17	50	1	13.04	13.08	0.00				681	862	959	604	1010	898	652	469	631	945	783	742	460	363	489	538										
	0	D	RP1518I255R2R85
	19375	F	12	5	22	17	50	6	12.97	13.16	0.00				
	0	D	RP1519I16R2R84
	19376	F	12	5	22	17	50	11	13.01	13.14	0.00				
	0	D	RP1519I33R2R83
	19377	F	12	5	22	17	50	16	13.02	13.14	0.00				
	0	D	RP1519I50R2R82
	19378	F	12	5	22	17	50	21	13.00	13.10	0.00				
	0	D	RP1519I67R2R81
	19379	F	12	5	22	17	50	26	13.04	13.12	0.00				
	0	D	RP1519I84R2R80
	19380	F	12	5	22	17	50	31	13.00	13.13	0.00				
	0	D	RP1519I101R2R79
	19381	F	12	5	22	17	50	38	13.02	13.12	0.00				
	0	D	RP1519I118R2R78
	19382	F	12	5	22	17	50	43	12.99	13.18	0.00				
	0	D	RP1519I135R2R77
	19383	F	12	5	22	17	50	48	13.03	13.15	0.00				
	0	D	RP1519I152R2R76
	19384	F	12	5	22	17	50	53	13.03	13.15	0.00				
	0	D	RP1519I169R2R75
	19385	F	12	5	22	17	50	58	13.02	13.11	0.00				
	0	D	RP1519I186R2R74
	19386	M	12	5	22	17	51	3	12.99	13.13	0.00				681	863	958	604	1010	898	652	469	631	945	783	741	459	363	489	538										
	0	D	RP1519I235R2R73
	19387	F	12	5	22	17	51	8	13.00	13.11	0.00				
	0	D	RP1519I252R2R72
	19388	F	12	5	22	17	51	13	12.98	13.15	0.00				
	0	D	RP1520I13R2R71
	19389	F	12	5	22	17	51	18	12.99	13.12	0.00				
	0	D	RP1520I30R2R70
	19390	F	12	5	22	17	51	23	13.05	13.10	0.00				
	0	D	RP1520I47R2R69
	19391	F	12	5	22	17	51	28	13.01	13.15	0.00				
	0	D	RP1520I64R2R68
	19392	F	12	5	22	17	51	33	13.06	13.13	0.00				
	0	D	RP1520I81R2R67
	19393	F	12	5	22	17	51	38	13.02	13.13	0.00				
	0	D	RP1520I98R2R66
	19394	F	12	5	22	17	51	43	13.04	13.16	0.00				
	0	D	RP1520I115R2R65
	19395	F	12	5	22	17	51	48	13.01	13.10	0.00				
	0	D	RP1520I132R2R64
	19396	F	12	5	22	17	51	53	13.02	13.13	0.00				
	0	D	RP1520I149R2R63
	19397	F	12	5	22	17	51	58	13.01	13.15	0.00				
	0	D	RP1520I166R2R62
	19398	M	12	5	22	17	52	3	13.04	13.09	0.00				681	862	959	604	1010	898	652	469	631	945	783	741	460	363	489	538										
	0	D	RP1520I215R2R61
	19399	F	12	5	22	17	52	8	13.02	13.07	0.00				
	0	D	RP1520I232R2R60
	19400	F	12	5	22	17	52	13	13.03	13.10	0.00				
	0	D	RP1520I249R2R59
	19401	F	12	5	22	17	52	18	13.02	13.12	0.00				
	0	D	RP1521I10R2R58
	19402	F	12	5	22	17	52	23	13.01	13.11	0.00				
	0	D	RP1521I27R2R57
	19403	F	12	5	22	17	52	28	13.06	13.15	0.00				
	0	D	RP1521I44R2R56
	19404	F	12	5	22	17	52	33	13.05	13.14	0.00				
	0	D	RP1521I61R2R55
	19405	F	12	5	22	17	52	38	13.00	13.13	0.00				
	0	D	RP1521I78R2R54
	19406	F	12	5	22	17	52	43	12.99	13.15	0.00				
	0	D	RP1521I95R2R53
	19407	F	12	5	22	17	52	48	13.02	13.15	0.00				
	0	D	RP1521I112R2R52
	19408	F	12	5	22	17	52	53	13.01	13.18	0.00				
	0	D	RP1521I129R2R51
	19409	F	12	5	22	17	52	58	13.05	13.10	0.00				
	0	D	RP1521I146R2R50
	19410	S	12	5	22	17	53	3	12.99	13.18	0.00				681	862	959	604	1010	898	652	469	630	945	783	741	459	363	489	538										12.70	12.70	13.54	12.47	0.00	0.00	0.00	0.00	29.91	45.22	23.80	50.36	
	0	D	RP1521I219R2R49
	19411	F	12	5	22	17	53	13	13.01	13.10	0.00				
	0	D	RP1521I236R2R48
	19412	F	12	5	22	17	53	18	13.00	13.12	0.00				
	0	D	RP1521I253R2R47
	19413	F	12	5	22	17	53	23	13.03	13.15	0.00				
	0	D	RP1522I14R2R46
	19414	F	12	5	22	17	53	28	13.03	13.14	0.00				
	0	D	RP1522I31R2R45
	19415	F	12	5	22	17	53	34	13.03	13.16	0.00				
	0	D	RP1522I48R2R44
	19416	F	12	5	22	17	53	40	13.05	13.19	0.00				
	0	D	RP1522I65R2R43
	19417	F	12	5	22	17	53	45	13.06	13.15	0.00				
	0	D	RP1522I82R2R42
	19418	F	12	5	22	17	53	50	13.03	13.13	0.00				
	0	D	RP1522I99R2R41
	19419	F	12	5	22	17	53	55	13.04	13.13	0.00				
	0	D	RP1522I116R2R40
	19420	S	45	7	30	18	42	42	13.05	13.13	0.00				681	862	958	603	1010	898	652	469	631	945	783	741	460	363	489	538										12.72	12.70	13.53	12.49	0.00	0.00	0.00	0.00	29.93	45.16	23.81	50.35	
	0	D	RP1522I189R2R39
	19421	F	45	7	30	18	42	53	13.07	13.18	0.00				
	0	D	RP1522I206R2R38
	19422	F	45	7	30	18	42	58	13.05	13.14	0.00				
	0	D	RP1522I223R2R37
	19423	S	45	7	30	18	59	12	13.01	13.18	0.00				680	862	958	604	1010	897	652	469	630	945	782	741	459	363	489	538										12.69	12.69	13.52	12.48	0.00	0.00	0.00	0.00	29.69	45.27	23.64	50.37	
	0	D	RP1523I40R2R36
	19424	F	45	7	30	18	59	23	13.06	13.24	0.00				
	0	D	RP1523I57R2R35
	19425	F	45	7	30	18	59	28	13.06	13.16	0.00				
	0	D	RP1523I74R2R34
	19426	F	45	7	30	18	59	33	13.07	13.22	0.00				
	0	D	RP1523I91R2R33
	19427	F	45	7	30	18	59	38	13.10	13.18	0.00				
	0	D	RP1523I108R2R32
	19428	F	45	7	30	18	59	43	13.08	13.19	0.00				
	0	D	RP1523I125R2R31
	19429	F	45	7	30	18	59	48	13.07	13.24	0.00				
	0	D	RP1523I142R2R30
	19430	F	45	7	30	18	59	53	13.08	13.19	0.00				
	0	D	RP1523I159R2R29
	19431	F	45	7	30	18	59	58	13.09	13.20	0.00				
	0	D	RP1523I176R2R28
	19432	F	45	7	30	19	0	3	13.07	13.20	0.00				
	0	D	RP1523I193R2R27
	19433	F	45	7	30	19	0	8	13.06	13.21	0.00				
	0	D	RP1523I210R2R26
	19434	F	45	7	30	19	0	13	13.04	13.18	0.00				
	0	D	RP1523I227R2R25
	19435	M	45	7	30	19	0	18	13.10	13.22	0.00				681	862	958	604	1010	897	651	469	630	945	782	741	460	363	489	538										
	0	D	RP1524I20R2R24
	19436	F	45	7	30	19	0	23	13.06	13.18	0.00				
	0	D	RP1524I37R2R23
	19437	F	45	7	30	19	0	28	13.07	13.14	0.00				
	0	D	RP1524I54R2R22
	19438	F	45	7	30	19	0	33	13.07	13.21	0.00				
	0	D	RP1524I71R2R21
	19439	F	45	7	30	19	0	38	13.06	13.20	0.00				
	0	D	RP1524I88R2R20
	19440	F	45	7	30	19	0	43	13.08	13.21	0.00				
	0	D	RP1524I105R2R19
	19441	F	45	7	30	19	0	48	13.08	13.17	0.00				
	0	D	RP1524I122R2R18
	19442	F	45	7	30	19	0	53	13.08	13.18	0.00				
	0	D	RP1524I139R2R17
	19443	F	45	7	30	19	0	58	13.05	13.20	0.00				
	0	D	RP1524I156R2R16
	19444	F	45	7	30	19	1	3	13.08	13.18	0.00				
	0	D	RP1524I173R2R15
	19445	F	45	7	30	19	1	8	13.06	13.19	0.00				
	0	D	RP1524I190R2R14
	19446	F	45	7	30	19	1	13	13.06	13.20	0.00				
	0	D	RP1524I207R2R13
	19447	M	45	7	30	19	1	18	13.08	13.13	0.00				681	863	958	604	1010	897	652	469	630	945	782	741	459	363	489	538										
	0	D	RP1525I0R2R12
	19448	F	45	7	30	19	1	23	13.06	13.17	0.00				
	0	D	RP1525I17R2R11
	19449	F	45	7	30	19	1	28	13.07	13.15	0.00				
	0	D	RP1525I34R2R10
	19450	F	45	7	30	19	1	33	13.08	13.19	0.00				
	0	D	RP1525I51R2R9
	19451	F	45	7	30	19	1	38	13.08	13.19	0.00				
	0	D	RP1525I68R2R8
	19452	F	45	7	30	19	1	43	13.08	13.21	0.00				
	0	D	RP1525I85R2R7
	19453	F	45	7	30	19	1	48	13.07	13.16	0.00				
	0	D	RP1525I102R2R6
	19454	F	45	7	30	19	1	53	13.09	13.16	0.00				
	0	D	RP1525I119R2R5
	19455	F	45	7	30	19	1	58	13.08	13.16	0.00				
	0	D	RP1525I136R2R4
	19456	F	45	7	30	19	2	3	13.04	13.16	0.00				
	0	D	RP1525I153R2R3
	19457	F	45	7	30	19	2	8	13.04	13.16	0.00				
	0	D	RP1525I170R2R2
	19458	F	45	7	30	19	2	13	13.05	13.18	0.00				
	0	D	RP1525I187R2R1
	19459	M	45	7	30	19	2	18	13.07	13.17	0.00				681	863	958	604	1010	897	651	469	630	945	782	741	460	363	489	538										
	0	D	RP1525I236R2R0
	0	D	ATTCMDUWSP1525WSI236Recs2
	19460	F	45	7	30	19	2	23	13.10	13.18	0.00				
	0	D	RP1525I253R2R1
	19461	F	45	7	30	19	2	28	13.08	13.17	0.00				
	0	D	RP1526I14R2R0
	0	D	ATTCMDUWSP1526WSI14Recs2
	19462	F	45	7	30	19	2	33	13.07	13.16	0.00				
	0	D	RP1526I31R2R1
	19463	F	45	7	30	19	2	38	13.05	13.16	0.00				
	0	D	RP1526I48R2R0
	0	D	ATTCMDUWSP1526WSI48Recs2
	19464	F	45	7	30	19	2	43	13.08	13.12	0.00				
	0	D	RP1526I65R2R1
	19465	F	45	7	30	19	2	48	13.06	13.17	0.00				
	0	D	RP1526I82R2R0
	0	D	ATTCMDUWSP1526WSI82Recs2
	19466	F	45	7	30	19	2	53	13.04	13.14	0.00				
	0	D	RP1526I99R2R1
	19467	F	45	7	30	19	2	58	13.02	13.18	0.00				
	0	D	RP1526I116R2R0
	0	D	ATTCMDUWSP1526WSI116Recs2
	19468	F	45	7	30	19	3	3	13.07	13.18	0.00				
	0	D	RP1526I133R2R1
	19469	F	45	7	30	19	3	8	13.08	13.20	0.00				
	0	D	RP1526I150R2R0
	0	D	ATTCMDUWSP1526WSI150Recs2
	19470	F	45	7	30	19	3	13	13.06	13.15	0.00				
	0	D	RP1526I167R2R1
	19471	M	45	7	30	19	3	18	13.05	13.16	0.00				681	863	958	604	1010	897	651	469	630	945	782	741	460	363	489	538										
	0	D	RP1526I216R2R0
	0	D	ATTCMDUWSP1526WSI216Recs2
	19472	F	45	7	30	19	3	23	13.09	13.15	0.00				
	0	D	RP1526I233R2R1
	19473	F	45	7	30	19	3	28	13.04	13.15	0.00				
	0	D	RP1526I250R2R0
	0	D	ATTCMDUWSP1526WSI250Recs2
	19474	F	45	7	30	19	3	33	13.06	13.14	0.00				
	0	D	RP1527I11R2R1
	19475	F	45	7	30	19	3	38	13.06	13.14	0.00				
	0	D	RP1527I28R2R0
	0	D	ATTCMDUWSP1527WSI28Recs2
	19476	F	45	7	30	19	3	43	13.03	13.15	0.00				
	0	D	RP1527I45R2R1
	19477	F	45	7	30	19	3	48	13.06	13.16	0.00				
	0	D	RP1527I62R2R0
	0	D	ATTCMDUWSP1527WSI62Recs2
	19478	F	45	7	30	19	3	53	13.04	13.11	0.00				
	0	D	RP1527I79R2R1
	19479	F	45	7	30	19	3	58	13.04	13.17	0.00				
	0	D	RP1527I96R2R0
	0	D	ATTCMDUWSP1527WSI96Recs11
	19480	F	45	7	30	19	4	3	13.02	13.16	0.00				
	0	D	RP1527I113R2R10
	19481	F	45	7	30	19	4	8	13.05	13.18	0.00				
	0	D	RP1527I130R2R9
	19482	F	45	7	30	19	4	13	13.06	13.16	0.00				
	0	D	RP1527I147R2R8
	19483	S	45	7	30	19	4	18	13.03	13.18	0.00				681	863	958	604	1010	897	652	469	630	945	782	740	460	363	488	538										12.58	12.64	13.43	12.41	0.00	0.00	0.00	0.00	29.55	45.26	23.54	50.26	
	0	D	RP1527I220R2R7
	19484	F	45	7	30	19	4	29	13.07	13.18	0.00				
	0	D	RP1527I237R2R6
	19485	F	45	7	30	19	4	34	13.05	13.12	0.00				
	0	D	RP1527I254R2R5
	19486	F	45	7	30	19	4	39	13.02	13.14	0.00				
	0	D	RP1528I15R2R4
	19487	F	45	7	30	19	4	44	13.01	13.17	0.00				
	0	D	RP1528I32R2R3
	19488	F	45	7	30	19	4	49	13.04	13.12	0.00				
	0	D	RP1528I49R2R2
	19489	F	45	7	30	19	4	54	13.03	13.14	0.00				
	0	D	RP1528I66R2R1
	19490	F	45	7	30	19	4	59	13.01	13.18	0.00				
	0	D	RP1528I83R2R0
	0	D	ATTCMDUWSP1528WSI83Recs1
	19491	F	45	7	30	19	5	4	13.06	13.17	0.00				
	0	D	RP1528I100R2R0
	0	D	ATTCMDUWSP1528WSI100Recs1
	19492	F	45	7	30	19	5	9	13.01	13.16	0.00				
	0	D	RP1528I117R2R0
	0	D	ATTCMDUWSP1528WSI117Recs2
	19493	F	45	7	30	19	5	14	13.05	13.11	0.00				
	0	D	RP1528I134R2R1
	19494	F	45	7	30	19	5	19	13.03	13.15	0.00				
	0	D	RP1528I151R2R0
	0	D	ATTCMDUWSP1528WSI151Recs2
	19495	M	45	7	30	19	5	24	13.04	13.15	0.00				681	862	958	604	1010	897	652	469	630	945	782	741	460	363	489	538										
	0	D	RP1528I200R2R1
	19496	F	45	7	30	19	5	29	13.03	13.10	0.00				
	0	D	RP1528I217R2R0
	0	D	ATTCMDUWSP1528WSI217Recs2
	19497	F	45	7	30	19	5	34	13.04	13.13	0.00				
	0	D	RP1528I234R2R1
	19498	F	45	7	30	19	5	39	13.03	13.19	0.00				
	0	D	RP1528I251R2R0
	0	D	ATTCMDUWSP1528WSI251Recs2
	19499	F	45	7	30	19	5	44	13.06	13.16	0.00				
	0	D	RP1529I12R2R1
	19500	F	45	7	30	19	5	49	13.01	13.21	0.00				
	0	D	RP1529I29R2R0
	0	D	ATTCMDUWSP1529WSI29Recs2
	19501	F	45	7	30	19	5	54	13.00	13.17	0.00				
	0	D	RP1529I46R2R1
	19502	F	45	7	30	19	5	59	13.05	13.18	0.00				
	0	D	RP1529I63R2R0
	0	D	ATTCMDUWSP1529WSI63Recs2
	19503	F	45	7	30	19	6	4	13.03	13.09	0.00				
	0	D	RP1529I80R2R1
	19504	F	45	7	30	19	6	9	13.05	13.18	0.00				
	0	D	RP1529I97R2R0
	0	D	ATTCMDUWSP1529WSI97Recs2
	19505	F	45	7	30	19	6	14	13.07	13.17	0.00				
	0	D	RP1529I114R2R1
	19506	F	45	7	30	19	6	19	13.04	13.15	0.00				
	0	D	RP1529I131R2R0
	0	D	ATTCMDUWSP1529WSI131Recs2
	19507	M	45	7	30	19	6	24	13.02	13.14	0.00				681	863	958	604	1010	897	652	469	630	945	782	741	459	363	489	538										
	0	D	RP1529I180R2R1
	19508	F	45	7	30	19	6	29	13.01	13.18	0.00				
	0	D	RP1529I197R2R0
	0	D	ATTCMDUWSP1529WSI197Recs2
	19509	F	45	7	30	19	6	34	13.04	13.01	0.00				
	0	D	RP1529I214R2R1
	19510	F	45	7	30	19	6	39	13.04	13.16	0.00				
	0	D	RP1529I231R2R0
	0	D	ATTCMDUWSP1529WSI231Recs2
	19511	F	45	7	30	19	6	44	13.04	13.14	0.00				
	0	D	RP1529I248R2R1
	19512	F	45	7	30	19	6	49	13.04	13.18	0.00				
	0	D	RP1530I9R2R0
	0	D	ATTCMDUWSP1530WSI9Recs2
	19513	F	45	7	30	19	6	54	13.04	13.13	0.00				
	0	D	RP1530I26R2R1
	19514	F	45	7	30	19	6	59	13.06	13.15	0.00				
	0	D	RP1530I43R2R0
	0	D	ATTCMDUWSP1530WSI43Recs2
	19515	F	45	7	30	19	7	4	13.01	13.14	0.00				
	0	D	RP1530I60R2R1
	19516	F	45	7	30	19	7	9	13.01	13.12	0.00				
	0	D	RP1530I77R2R0
	0	D	ATTCMDUWSP1530WSI77Recs2
	19517	F	45	7	30	19	7	14	13.06	13.12	0.00				
	0	D	RP1530I94R2R1
	19518	F	45	7	30	19	7	19	13.04	13.14	0.00				
	0	D	RP1530I111R2R0
	0	D	ATTCMDUWSP1530WSI111Recs2
	19519	M	45	7	30	19	7	24	13.01	13.19	0.00				681	862	958	604	1010	897	652	469	630	945	782	741	459	363	489	538										
	0	D	RP1530I160R2R1
	19520	F	45	7	30	19	7	29	13.01	13.17	0.00				
	0	D	RP1530I177R2R0
	0	D	ATTCMDUWSP1530WSI177Recs2
	19521	F	45	7	30	19	7	34	13.02	13.15	0.00				
	0	D	RP1530I194R2R1
	19522	F	45	7	30	19	7	39	13.02	13.10	0.00				
	0	D	RP1530I211R2R0
	0	D	ATTCMDUWSP1562WSI228Recs9
	19932	F	45	7	30	20	17	39	12.89	12.98	0.00				
	0	D	RP1562I245R2R8
	19933	F	45	7	30	20	17	44	12.88	13.00	0.00				
	0	D	RP1563I6R2R7
	19934	F	45	7	30	20	17	49	12.86	12.97	0.00				
	0	D	RP1563I23R2R6
	19935	F	45	7	30	20	17	54	12.87	13.00	0.00				
	0	D	RP1563I40R2R5
	19936	M	45	7	30	20	17	59	12.86	12.98	0.00				681	863	955	604	1010	895	652	470	628	946	781	740	460	363	489	538										
	0	D	RP1563I89R2R4
	19937	F	45	7	30	20	18	4	12.87	13.00	0.00				
	0	D	RP1563I106R2R3
	19938	F	45	7	30	20	18	9	12.88	12.96	0.00				
	0	D	RP1563I123R2R2
	19939	F	45	7	30	20	18	14	12.88	13.00	0.00				
	0	D	RP1563I140R2R1
	19940	F	45	7	30	20	18	19	12.85	12.99	0.00				
	0	D	RP1563I157R2R0
	0	D	ATTCMDUWSP1563WSI157Recs2
	19941	F	45	7	30	20	18	24	12.86	12.96	0.00				
	0	D	RP1563I174R2R1
	19942	F	45	7	30	20	18	29	12.86	12.98	0.00				
	0	D	RP1563I191R2R0
	0	D	ATTCMDUWSP1563WSI191Recs2
	19943	F	45	7	30	20	18	34	12.85	12.96	0.00				
	0	D	RP1563I208R2R1
	19944	F	45	7	30	20	18	39	12.87	12.98	0.00				
	0	D	RP1563I225R2R0
	0	D	ATTCMDUWSP1563WSI225Recs2
	19945	F	45	7	30	20	18	44	12.87	12.97	0.00				
	0	D	RP1563I242R2R1
	19946	F	45	7	30	20	18	49	12.87	12.95	0.00				
	0	D	RP1564I3R2R0
	0	D	ATTCMDUWSP1564WSI3Recs2
	19947	F	45	7	30	20	18	54	12.91	13.01	0.00				
	0	D	RP1564I20R2R1
	19948	M	45	7	30	20	18	59	12.87	12.97	0.00				681	863	955	605	1010	895	652	470	628	946	781	740	460	363	489	538										
	0	D	RP1564I69R2R0
	0	D	ATTCMDUWSP1564WSI69Recs55
	19949	F	45	7	30	20	19	4	12.86	13.00	0.00				
	0	D	RP1564I86R2R54
	19950	F	45	7	30	20	19	9	12.85	12.98	0.00				
	0	D	RP1564I103R2R53
	19951	F	45	7	30	20	19	28	12.85	12.99	0.00				
	0	D	RP1564I120R2R52
	19952	F	45	7	30	20	19	33	12.85	12.97	0.00				
	0	D	RP1564I137R2R51
	19953	F	45	7	30	20	19	38	12.85	12.98	0.00				
	0	D	RP1564I154R2R50
	19954	F	45	7	30	20	19	43	12.87	13.01	0.00				
	0	D	RP1564I171R2R49
	19955	F	45	7	30	20	19	48	12.85	12.95	0.00				
	0	D	RP1564I188R2R48
	19956	F	45	7	30	20	19	53	12.86	12.99	0.00				
	0	D	RP1564I205R2R47
	19957	S	45	7	30	20	19	58	12.88	13.00	0.00				681	863	955	605	1010	895	652	470	628	946	781	740	460	363	489	538										12.25	12.43	13.15	12.16	0.00	0.00	0.00	0.00	27.49	45.58	21.77	50.41	
	0	D	RP1565I22R2R46
	19958	F	45	7	30	20	20	9	12.86	12.97	0.00				
	0	D	RP1565I39R2R45
	19959	F	45	7	30	20	20	14	12.88	12.94	0.00				
	0	D	RP1565I56R2R44
	19960	F	45	7	30	20	20	19	12.87	12.99	0.00				
	0	D	RP1565I73R2R43
	19961	F	45	7	30	20	20	24	12.86	13.00	0.00				
	0	D	RP1565I90R2R42
	19962	F	45	7	30	20	20	29	12.87	12.93	0.00				
	0	D	RP1565I107R2R41
	19963	F	45	7	30	20	20	34	12.86	12.98	0.00				
	0	D	RP1565I124R2R40
	19964	F	45	7	30	20	20	39	12.89	12.97	0.00				
	0	D	RP1565I141R2R39
	19965	F	45	7	30	20	20	44	12.87	12.98	0.00				
	0	D	RP1565I158R2R38
	19966	F	45	7	30	20	20	49	12.86	13.00	0.00				
	0	D	RP1565I175R2R37
	19967	F	45	7	30	20	20	54	12.85	13.00	0.00				
	0	D	RP1565I192R2R36
	19968	F	45	7	30	20	20	59	12.87	12.97	0.00				
	0	D	RP1565I209R2R35
	19969	M	45	7	30	20	21	4	12.87	12.97	0.00				681	863	955	604	1010	895	652	470	628	946	781	740	460	364	489	538										
	0	D	RP1566I2R2R34
	19970	F	45	7	30	20	21	9	12.85	13.00	0.00				
	0	D	RP1566I19R2R33
	19971	F	45	7	30	20	21	14	12.87	12.98	0.00				
	0	D	RP1566I36R2R32
	19972	F	45	7	30	20	21	19	12.85	12.99	0.00				
	0	D	RP1566I53R2R31
	19973	F	45	7	30	20	21	24	12.87	12.99	0.00				
	0	D	RP1566I70R2R30
	19974	F	45	7	30	20	21	29	12.85	12.94	0.00				
	0	D	RP1566I87R2R29
	19975	F	45	7	30	20	21	34	12.87	12.97	0.00				
	0	D	RP1566I104R2R28
	19976	F	45	7	30	20	21	39	12.87	12.95	0.00				
	0	D	RP1566I121R2R27
	19977	F	45	7	30	20	21	44	12.82	12.99	0.00				
	0	D	RP1566I138R2R26
	19978	F	45	7	30	20	21	49	12.87	13.01	0.00				
	0	D	RP1566I155R2R25
	19979	F	45	7	30	20	21	54	12.83	13.01	0.00				
	0	D	RP1566I172R2R24
	19980	F	45	7	30	20	21	59	12.86	13.00	0.00				
	0	D	RP1566I189R2R23
	19981	M	45	7	30	20	22	4	12.88	12.97	0.00				681	864	955	604	1009	895	653	470	628	946	781	740	460	363	488	538										
	0	D	RP1566I238R2R22
	19982	F	45	7	30	20	22	9	12.87	12.98	0.00				
	0	D	RP1566I255R2R21
	19983	F	45	7	30	20	22	14	12.85	12.97	0.00				
	0	D	RP1567I16R2R20
	19984	F	45	7	30	20	22	19	12.86	12.97	0.00				
	0	D	RP1567I33R2R19
	19985	F	45	7	30	20	22	24	12.86	12.95	0.00				
	0	D	RP1567I50R2R18
	19986	F	45	7	30	20	22	29	12.86	13.00	0.00				
	0	D	RP1567I67R2R17
	19987	F	45	7	30	20	22	34	12.84	12.99	0.00				
	0	D	RP1567I84R2R16
	19988	F	45	7	30	20	22	39	12.88	13.01	0.00				
	0	D	RP1567I101R2R15
	19989	F	45	7	30	20	22	44	12.89	12.99	0.00				
	0	D	RP1567I118R2R14
	19990	F	45	7	30	20	22	49	12.86	12.98	0.00				
	0	D	RP1567I135R2R13
	19991	F	45	7	30	20	22	54	12.87	12.99	0.00				
	0	D	RP1567I152R2R12
	19992	F	45	7	30	20	22	59	12.87	12.93	0.00				
	0	D	RP1567I169R2R11
	19993	M	45	7	30	20	23	4	12.83	12.97	0.00				681	863	955	604	1010	894	652	470	628	946	781	740	460	363	489	538										
	0	D	RP1567I218R2R10
	19994	F	45	7	30	20	23	9	12.85	12.94	0.00				
	0	D	RP1567I235R2R9
	19995	F	45	7	30	20	23	14	12.87	12.99	0.00				
	0	D	RP1567I252R2R8
	19996	F	45	7	30	20	23	19	12.87	12.95	0.00				
	0	D	RP1568I13R2R7
	19997	F	45	7	30	20	23	24	12.87	12.95	0.00				
	0	D	RP1568I30R2R6
	19998	F	45	7	30	20	23	29	12.87	12.96	0.00				
	0	D	RP1568I47R2R5
	19999	F	45	7	30	20	23	34	12.83	12.97	0.00				
	0	D	RP1568I64R2R4
	20000	F	45	7	30	20	23	39	12.86	12.96	0.00				
	0	D	RP1568I81R2R3
	20001	F	45	7	30	20	23	44	12.85	12.99	0.00				
	0	D	RP1568I98R2R2
	20002	F	45	7	30	20	23	49	12.84	12.98	0.00				
	0	D	RP1568I115R2R1
	20003	F	45	7	30	20	23	54	12.89	12.98	0.00				
	0	D	RP1568I132R2R0
	0	D	ATTCMDUWSP1568WSI132Recs2
	20004	F	45	7	30	20	23	59	12.86	13.01	0.00				
	0	D	RP1568I149R2R1
	20005	M	45	7	30	20	24	4	12.86	12.99	0.00				681	864	955	604	1010	894	652	470	628	946	782	740	460	363	489	538										
	0	D	RP1568I198R2R0
	0	D	ATTCMDUWSP1568WSI198Recs2
	20006	F	45	7	30	20	24	9	12.86	12.98	0.00				
	0	D	RP1568I215R2R1
	20007	F	45	7	30	20	24	14	12.85	12.98	0.00				
	0	D	RP1568I232R2R0
	0	D	ATTCMDUWSP1568WSI232Recs2
	20008	F	45	7	30	20	24	19	12.85	12.97	0.00				
	0	D	RP1568I249R2R1
	20009	F	45	7	30	20	24	24	12.86	12.96	0.00				
	0	D	RP1569I10R2R0
	0	D	ATTCMDUWSP1569WSI10Recs142
	20010	F	45	7	30	20	24	29	12.85	12.99	0.00				
	0	D	RP1569I27R2R141
	20011	F	45	7	30	20	24	34	12.85	12.96	0.00				
	0	D	RP1569I44R2R140
	20012	F	45	7	30	20	24	39	12.84	12.95	0.00				
	0	D	RP1569I61R2R139
	20013	F	45	7	30	20	24	44	12.82	12.99	0.00				
	0	D	RP1569I78R2R138
	20014	F	45	7	30	20	24	49	12.85	12.95	0.00				
	0	D	RP1569I95R2R137
	20015	F	45	7	30	20	24	54	12.86	13.01	0.00				
	0	D	RP1569I112R2R136
	20016	F	45	7	30	20	24	59	12.83	12.95	0.00				
	0	D	RP1569I129R2R135
	20017	S	45	7	30	20	25	4	12.85	12.97	0.00				681	863	955	604	1010	894	652	470	628	946	781	740	461	363	488	538										12.21	12.39	13.14	12.13	0.00	0.00	0.00	0.00	27.45	45.58	21.73	50.44	
	0	D	RP1569I202R2R134
	20018	F	45	7	30	20	25	15	12.85	12.95	0.00				
	0	D	RP1569I219R2R133
	20019	F	45	7	30	20	25	20	12.86	12.98	0.00				
	0	D	RP1569I236R2R132
	20020	F	45	7	30	20	25	25	12.86	13.02	0.00				
	0	D	RP1569I253R2R131
	20021	F	45	7	30	20	25	45	12.87	13.00	0.00				
	0	D	RP1570I14R2R130
	20022	F	45	7	30	20	25	50	12.86	12.97	0.00				
	0	D	RP1570I31R2R129
	20023	F	45	7	30	20	25	55	12.88	12.97	0.00				
	0	D	RP1570I48R2R128
	20024	F	45	7	30	20	26	0	12.86	12.95	0.00				
	0	D	RP1570I65R2R127
	20025	F	45	7	30	20	26	5	12.80	12.97	0.00				
	0	D	RP1570I82R2R126
	20026	M	45	7	30	20	26	10	12.85	12.96	0.00				681	863	955	604	1010	894	652	470	628	946	781	740	460	363	489	538										
	0	D	RP1570I131R2R125
	20027	F	45	7	30	20	26	15	12.86	12.97	0.00				
	0	D	RP1570I148R2R124
	20028	F	45	7	30	20	26	20	12.86	12.96	0.00				
	0	D	RP1570I165R2R123
	20029	F	45	7	30	20	26	25	12.86	12.97	0.00				
	0	D	RP1570I182R2R122
	20030	F	45	7	30	20	26	30	12.84	12.97	0.00				
	0	D	RP1570I199R2R121
	20031	F	45	7	30	20	26	35	12.87	12.97	0.00				
	0	D	RP1570I216R2R120
	20032	F	45	7	30	20	26	40	12.84	12.97	0.00				
	0	D	RP1570I233R2R119
	20033	F	45	7	30	20	26	45	12.85	12.97	0.00				
	0	D	RP1570I250R2R118
	20034	F	45	7	30	20	26	50	12.84	12.94	0.00				
	0	D	RP1571I11R2R117
	20035	F	45	7	30	20	26	55	12.83	12.95	0.00				
	0	D	RP1571I28R2R116
	20036	F	45	7	30	20	27	0	12.85	12.98	0.00				
	0	D	RP1571I45R2R115
	20037	F	45	7	30	20	27	5	12.83	12.99	0.00				
	0	D	RP1571I62R2R114
	20038	M	45	7	30	20	27	10	12.85	13.00	0.00				681	863	955	604	1010	894	652	470	628	946	781	740	460	363	489	538										
	0	D	RP1571I111R2R113
	20039	F	45	7	30	20	27	15	12.80	12.94	0.00				
	0	D	RP1571I128R2R112
	20040	F	45	7	30	20	27	20	12.86	12.94	0.00				
	0	D	RP1571I145R2R111
	20041	F	45	7	30	20	27	25	12.82	12.95	0.00				
	0	D	RP1571I162R2R110
	20042	F	45	7	30	20	27	30	12.87	12.93	0.00				
	0	D	RP1571I179R2R109
	20043	F	45	7	30	20	27	35	12.83	12.97	0.00				
	0	D	RP1571I196R2R108
	20044	F	45	7	30	20	27	40	12.85	12.95	0.00				
	0	D	RP1571I213R2R107
	20045	F	45	7	30	20	27	45	12.83	12.98	0.00				
	0	D	RP1571I230R2R106
	20046	F	45	7	30	20	27	50	12.85	12.99	0.00				
	0	D	RP1571I247R2R105
	20047	F	45	7	30	20	27	55	12.81	12.96	0.00				
	0	D	RP1572I8R2R104
	20048	F	45	7	30	20	28	0	12.81	12.95	0.00				
	0	D	RP1572I25R2R103
	20049	F	45	7	30	20	28	5	12.83	12.95	0.00				
	0	D	RP1572I42R2R102
	20050	M	45	7	30	20	28	10	12.84	12.99	0.00				681	863	955	604	1010	894	652	470	628	946	781	740	460	363	488	538										
	0	D	RP1572I91R2R101
	20051	F	45	7	30	20	28	15	12.83	12.97	0.00				
	0	D	RP1572I108R2R100
	20052	F	45	7	30	20	28	20	12.84	12.94	0.00				
	0	D	RP1572I125R2R99
	20053	F	45	7	30	20	28	25	12.82	12.96	0.00				
	0	D	RP1572I142R2R98
	20054	F	45	7	30	20	28	30	12.85	12.97	0.00				
	0	D	RP1572I159R2R97
	20055	F	45	7	30	20	28	35	12.85	12.94	0.00				
	0	D	RP1572I176R2R96
	20056	F	45	7	30	20	28	40	12.84	12.98	0.00				
	0	D	RP1572I193R2R95
	20057	F	45	7	30	20	28	45	12.83	12.95	0.00				
	0	D	RP1572I210R2R94
	20058	F	45	7	30	20	28	50	12.86	12.92	0.00				
	0	D	RP1572I227R2R93
	20059	F	45	7	30	20	28	55	12.82	12.95	0.00				
	0	D	RP1572I244R2R92
	20060	F	45	7	30	20	29	0	12.85	12.92	0.00				
	0	D	RP1573I5R2R91
	20061	F	45	7	30	20	29	5	12.86	12.94	0.00				
	0	D	RP1573I22R2R90
	20062	M	45	7	30	20	29	10	12.82	12.96	0.00				681	863	955	604	1010	894	652	470	628	946	782	740	460	363	488	538										
	0	D	RP1573I71R2R89
	20063	F	45	7	30	20	29	15	12.85	12.98	0.00				
	0	D	RP1573I88R2R88
	20064	F	45	7	30	20	29	20	12.85	12.98	0.00				
	0	D	RP1573I105R2R87
	20065	F	45	7	30	20	29	25	12.84	12.98	0.00				
	0	D	RP1573I122R2R86
	20066	F	45	7	30	20	29	30	12.83	12.96	0.00				
	0	D	RP1573I139R2R85
	20067	F	45	7	30	20	29	35	12.87	12.96	0.00				
	0	D	RP1573I156R2R84
	20068	F	45	7	30	20	29	40	12.83	12.97	0.00				
	0	D	RP1573I173R2R83
	20069	F	45	7	30	20	29	45	12.85	12.94	0.00				
	0	D	RP1573I190R2R82
	20070	F	45	7	30	20	29	50	12.85	12.96	0.00				
	0	D	RP1573I207R2R81
	20071	F	45	7	30	20	29	55	12.84	12.94	0.00				
	0	D	RP1573I224R2R80
	20072	F	45	7	30	20	30	0	12.87	12.96	0.00				
	0	D	RP1573I241R2R79
	20073	F	45	7	30	20	30	5	12.84	12.96	0.00				
	0	D	RP1574I2R2R78
	20074	S	45	7	30	20	30	10	12.83	12.95	0.00				680	863	955	604	1010	894	652	470	628	946	781	740	460	363	488	538										12.17	12.37	13.10	12.11	0.00	0.00	0.00	0.00	27.33	45.56	21.65	50.40	
	0	D	RP1574I75R2R77
	20075	F	45	7	30	20	30	22	12.82	12.94	0.00				
	0	D	RP1574I92R2R76
	20076	F	45	7	30	20	30	27	12.84	12.96	0.00				
	0	D	RP1574I109R2R75
	20077	F	45	7	30	20	30	32	12.84	12.94	0.00				
	0	D	RP1574I126R2R74
	20078	F	45	7	30	20	30	37	12.83	12.95	0.00				
	0	D	RP1574I143R2R73
	20079	F	45	7	30	20	30	42	12.86	12.95	0.00				
	0	D	RP1574I160R2R72
	20080	F	45	7	30	20	30	47	12.80	12.97	0.00				
	0	D	RP1574I177R2R71
	20081	F	45	7	30	20	30	52	12.81	12.97	0.00				
	0	D	RP1574I194R2R70
	20082	F	45	7	30	20	30	57	12.84	12.94	0.00				
	0	D	RP1574I211R2R69
	20083	F	45	7	30	20	31	2	12.86	12.95	0.00				
	0	D	RP1574I228R2R68
	20084	F	45	7	30	20	31	7	12.85	12.96	0.00				
	0	D	RP1574I245R2R67
	20085	F	45	7	30	20	31	12	12.86	12.95	0.00				
	0	D	RP1575I6R2R66
	20086	M	45	7	30	20	31	17	12.83	12.95	0.00				681	863	954	604	1009	894	652	470	628	946	781	740	460	363	488	538										
	0	D	RP1575I55R2R65
	20087	F	45	7	30	20	31	22	12.83	12.95	0.00				
	0	D	RP1575I72R2R64
	20088	F	45	7	30	20	31	27	12.81	12.98	0.00				
	0	D	RP1575I89R2R63
	20089	F	45	7	30	20	31	32	12.83	12.94	0.00				
	0	D	RP1575I106R2R62
	20090	F	45	7	30	20	31	37	12.82	12.99	0.00				
	0	D	RP1575I123R2R61
	20091	F	45	7	30	20	31	42	12.83	13.00	0.00				
	0	D	RP1575I140R2R60
	20092	F	45	7	30	20	31	47	12.83	12.95	0.00				
	0	D	RP1575I157R2R59
	20093	F	45	7	30	20	31	52	12.82	12.93	0.00				
	0	D	RP1575I174R2R58
	20094	F	45	7	30	20	31	57	12.81	12.94	0.00				
	0	D	RP1575I191R2R57
	20095	F	45	7	30	20	32	2	12.84	12.97	0.00				
	0	D	RP1575I208R2R56
	20096	F	45	7	30	20	32	7	12.83	12.95	0.00				
	0	D	RP1575I225R2R55
	20097	F	45	7	30	20	32	12	12.85	12.98	0.00				
	0	D	RP1575I242R2R54
	20098	M	45	7	30	20	32	17	12.83	12.95	0.00				681	863	954	604	1010	894	652	470	628	947	781	739	460	363	488	538										
	0	D	RP1576I35R2R53
	20099	F	45	7	30	20	32	22	12.85	12.96	0.00				
	0	D	RP1576I52R2R52
	20100	F	45	7	30	20	32	27	12.82	12.96	0.00				
	0	D	RP1576I69R2R51
	20101	F	45	7	30	20	32	32	12.83	12.95	0.00				
	0	D	RP1576I86R2R50
	20102	F	45	7	30	20	32	37	12.83	12.93	0.00				
	0	D	RP1576I103R2R49
	20103	F	45	7	30	20	32	42	12.81	12.96	0.00				
	0	D	RP1576I120R2R48
	20104	F	45	7	30	20	32	47	12.83	12.94	0.00				
	0	D	RP1576I137R2R47
	20105	F	45	7	30	20	32	52	12.87	12.95	0.00				
	0	D	RP1576I154R2R46
	20106	F	45	7	30	20	32	57	12.82	12.93	0.00				
	0	D	RP1576I171R2R45
	20107	F	45	7	30	20	33	2	12.84	12.99	0.00				
	0	D	RP1576I188R2R44
	20108	F	45	7	30	20	33	7	12.82	12.98	0.00				
	0	D	RP1576I205R2R43
	20109	F	45	7	30	20	33	12	12.85	12.99	0.00				
	0	D	RP1576I222R2R42
	20110	M	45	7	30	20	33	17	12.82	12.95	0.00				680	863	955	604	1010	894	652	470	627	946	781	739	460	363	488	538										
	0	D	RP1577I15R2R41
	20111	F	45	7	30	20	33	22	12.84	12.96	0.00				
	0	D	RP1577I32R2R40
	20112	F	45	7	30	20	33	27	12.83	12.94	0.00				
	0	D	RP1577I49R2R39
	20113	F	45	7	30	20	33	32	12.83	12.97	0.00				
	0	D	RP1577I66R2R38
	20114	F	45	7	30	20	33	37	12.85	12.98	0.00				
	0	D	RP1577I83R2R37
	20115	F	45	7	30	20	33	42	12.83	12.95	0.00				
	0	D	RP1577I100R2R36
	20116	F	45	7	30	20	33	47	12.84	12.93	0.00				
	0	D	RP1577I117R2R35
	20117	F	45	7	30	20	33	52	12.85	12.96	0.00				
	0	D	RP1577I134R2R34
	20118	F	45	7	30	20	33	57	12.85	12.94	0.00				
	0	D	RP1577I151R2R33
	20119	F	45	7	30	20	34	2	12.81	12.98	0.00				
	0	D	RP1577I168R2R32
	20120	F	45	7	30	20	34	7	12.82	12.96	0.00				
	0	D	RP1577I185R2R31
	20121	F	45	7	30	20	34	12	12.83	12.93	0.00				
	0	D	RP1577I202R2R30
	20122	M	45	7	30	20	34	17	12.83	12.96	0.00				681	863	954	604	1010	893	652	470	627	946	781	740	460	363	488	538										
	0	D	RP1577I251R2R29
	20123	F	45	7	30	20	34	22	12.81	12.97	0.00				
	0	D	RP1578I12R2R28
	20124	F	45	7	30	20	34	27	12.83	12.95	0.00				
	0	D	RP1578I29R2R27
	20125	F	45	7	30	20	34	32	12.81	12.95	0.00				
	0	D	RP1578I46R2R26
	20126	F	45	7	30	20	34	37	12.83	12.96	0.00				
	0	D	RP1578I63R2R25
	20127	F	45	7	30	20	34	42	12.83	12.96	0.00				
	0	D	RP1578I80R2R24
	20128	F	45	7	30	20	34	47	12.83	12.94	0.00				
	0	D	RP1578I97R2R23
	20129	F	45	7	30	20	34	52	12.85	12.95	0.00				
	0	D	RP1578I114R2R22
	20130	F	45	7	30	20	34	57	12.84	12.97	0.00				
	0	D	RP1578I131R2R21
	20131	F	45	7	30	20	35	2	12.87	12.95	0.00				
	0	D	RP1578I148R2R20
	20132	F	45	7	30	20	35	7	12.85	12.92	0.00				
	0	D	RP1578I165R2R19
	20133	F	45	7	30	20	35	12	12.83	12.92	0.00				
	0	D	RP1578I182R2R18
	20134	S	45	7	30	20	35	17	12.83	12.97	0.00				680	863	954	604	1010	893	652	470	627	946	781	740	460	364	488	538										12.18	12.37	13.10	12.11	0.00	0.00	0.00	0.00	27.22	45.62	21.56	50.46	
	0	D	RP1578I255R2R17
	20135	F	45	7	30	20	35	29	12.82	12.96	0.00				
	0	D	RP1579I16R2R16
	20136	F	45	7	30	20	35	34	12.84	12.97	0.00				
	0	D	RP1579I33R2R15
	20137	F	45	7	30	20	35	39	12.82	12.94	0.00				
	0	D	RP1579I50R2R14
	20138	F	45	7	30	20	35	44	12.84	12.97	0.00				
	0	D	RP1579I67R2R13
	20139	F	45	7	30	20	35	49	12.83	12.95	0.00				
	0	D	RP1579I84R2R12
	20140	F	45	7	30	20	35	54	12.83	12.96	0.00				
	0	D	RP1579I101R2R11
	20141	F	45	7	30	20	35	59	12.83	12.94	0.00				
	0	D	RP1579I118R2R10
	20142	F	45	7	30	20	36	4	12.82	12.93	0.00				
	0	D	RP1579I135R2R9
	20143	F	45	7	30	20	36	9	12.80	12.93	0.00				
	0	D	RP1579I152R2R8
	20144	F	45	7	30	20	36	14	12.84	12.97	0.00				
	0	D	RP1579I169R2R7
	20145	F	45	7	30	20	36	19	12.81	12.94	0.00				
	0	D	RP1579I186R2R6
	20146	M	45	7	30	20	36	24	12.86	12.99	0.00				680	863	954	604	1010	893	652	470	627	946	781	739	460	363	488	538										
	0	D	RP1579I235R2R5
	20147	F	45	7	30	20	36	29	12.84	12.97	0.00				
	0	D	RP1579I252R2R4
	20148	F	45	7	30	20	36	34	12.81	12.94	0.00				
	0	D	RP1580I13R2R3
	20149	F	45	7	30	20	36	39	12.81	12.94	0.00				
	0	D	RP1580I30R2R2
	20150	F	45	7	30	20	36	44	12.85	12.91	0.00				
	0	D	RP1580I47R2R1
	20151	F	45	7	30	20	36	49	12.85	12.91	0.00				
	0	D	RP1580I64R2R0
	0	D	ATTCMDUWSP1580WSI64Recs3
	20152	F	45	7	30	20	36	54	12.86	12.91	0.00				
	0	D	RP1580I81R2R2
	20153	F	45	7	30	20	36	59	12.84	12.96	0.00				
	0	D	RP1580I98R2R1
	20154	F	45	7	30	20	37	4	12.82	12.90	0.00				
	0	D	RP1580I115R2R0
	0	D	ATTCMDUWSP1580WSI115Recs1
	20155	F	45	7	30	20	37	9	12.84	12.93	0.00				
	0	D	RP1580I132R2R0
	0	D	ATTCMDUWSP1580WSI132Recs2
	20156	F	45	7	30	20	37	14	12.83	12.93	0.00				
	0	D	RP1580I149R2R1
	20157	F	45	7	30	20	37	19	12.83	12.97	0.00				
	0	D	RP1580I166R2R0
	0	D	ATTCMDUWSP1580WSI166Recs2
	20158	M	45	7	30	20	37	24	12.82	12.98	0.00				680	863	954	604	1010	893	652	470	627	946	781	740	460	363	488	538										
	0	D	RP1580I215R2R1
	20159	F	45	7	30	20	37	29	12.80	12.92	0.00				
	0	D	RP1580I232R2R0
	0	D	ATTCMDUWSP1580WSI232Recs42
	20160	F	45	7	30	20	37	34	12.83	12.94	0.00				
	0	D	RP1580I249R2R41
	20161	F	45	7	30	20	37	39	12.85	12.95	0.00				
	0	D	RP1581I10R2R40
	20162	F	45	7	30	20	37	58	12.84	12.93	0.00				
	0	D	RP1581I27R2R39
	20163	F	45	7	30	20	38	3	12.83	12.96	0.00				
	0	D	RP1581I44R2R38
	20164	F	45	7	30	20	38	8	12.85	12.92	0.00				
	0	D	RP1581I61R2R37
	20165	F	45	7	30	20	38	13	12.82	12.93	0.00				
	0	D	RP1581I78R2R36
	20166	F	45	7	30	20	38	18	12.82	12.93	0.00				
	0	D	RP1581I95R2R35
	20167	F	45	7	30	20	38	23	12.78	12.96	0.00				
	0	D	RP1581I112R2R34
	20168	M	45	7	30	20	38	28	12.80	12.92	0.00				680	863	954	604	1010	893	652	470	627	946	781	740	460	364	488	538										
	0	D	RP1581I161R2R33
	20169	F	45	7	30	20	38	33	12.83	12.93	0.00				
	0	D	RP1581I178R2R32
	20170	F	45	7	30	20	38	38	12.84	12.95	0.00				
	0	D	RP1581I195R2R31
	20171	F	45	7	30	20	38	43	12.82	12.92	0.00				
	0	D	RP1581I212R2R30
	20172	F	45	7	30	20	38	48	12.83	12.94	0.00				
	0	D	RP1581I229R2R29
	20173	F	45	7	30	20	38	53	12.83	12.95	0.00				
	0	D	RP1581I246R2R28
	20174	F	45	7	30	20	38	58	12.83	12.94	0.00				
	0	D	RP1582I7R2R27
	20175	F	45	7	30	20	39	3	12.84	12.93	0.00				
	0	D	RP1582I24R2R26
	20176	F	45	7	30	20	39	8	12.83	12.96	0.00				
	0	D	RP1582I41R2R25
	20177	F	45	7	30	20	39	13	12.81	12.97	0.00				
	0	D	RP1582I58R2R24
	20178	F	45	7	30	20	39	18	12.83	12.95	0.00				
	0	D	RP1582I75R2R23
	20179	F	45	7	30	20	39	23	12.86	12.95	0.00				
	0	D	RP1582I92R2R22
	20180	M	45	7	30	20	39	28	12.84	12.90	0.00				680	863	954	604	1010	893	652	470	627	946	781	739	460	363	488	538										
	0	D	RP1582I141R2R21
	20181	F	45	7	30	20	39	33	12.79	12.92	0.00				
	0	D	RP1582I158R2R20
	20182	F	45	7	30	20	39	38	12.81	12.97	0.00				
	0	D	RP1582I175R2R19
	20183	F	45	7	30	20	39	43	12.84	12.98	0.00				
	0	D	RP1582I192R2R18
	20184	F	45	7	30	20	39	48	12.85	12.95	0.00				
	0	D	RP1582I209R2R17
	20185	F	45	7	30	20	39	53	12.83	12.93	0.00				
	0	D	RP1582I226R2R16
	20186	F	45	7	30	20	39	58	12.83	12.95	0.00				
	0	D	RP1582I243R2R15
	20187	F	45	7	30	20	40	3	12.84	12.96	0.00				
	0	D	RP1583I4R2R14
	20188	F	45	7	30	20	40	8	12.81	12.96	0.00				
	0	D	RP1583I21R2R13
	20189	F	45	7	30	20	40	13	12.81	12.98	0.00				
	0	D	RP1583I38R2R12
	20190	F	45	7	30	20	40	18	12.81	12.90	0.00				
	0	D	RP1583I55R2R11
	20191	F	45	7	30	20	40	23	12.83	12.93	0.00				
	0	D	RP1583I72R2R10
	20192	S	45	7	30	20	40	28	12.83	12.94	0.00				680	863	954	604	1010	893	652	470	627	946	781	739	460	363	488	538										12.16	12.36	13.09	12.10	0.00	0.00	0.00	0.00	27.14	45.57	21.48	50.37	
	0	D	RP1583I145R2R9
	20193	F	45	7	30	20	40	40	12.83	13.38	0.00				
	0	D	RP1583I162R2R8
	20194	F	45	7	30	20	40	45	12.83	12.93	0.00				
	0	D	RP1583I179R2R7
	20195	F	45	7	30	20	40	50	12.82	12.92	0.00				
	0	D	RP1583I196R2R6
	20196	F	45	7	30	20	40	55	12.79	12.94	0.00				
	0	D	RP1583I213R2R5
	20197	F	45	7	30	20	41	0	12.82	12.94	0.00				
	0	D	RP1583I230R2R4
	20198	F	45	7	30	20	41	5	12.82	12.92	0.00				
	0	D	RP1583I247R2R3
	20199	F	45	7	30	20	41	10	12.81	12.97	0.00				
	0	D	RP1584I8R2R2
	20200	F	45	7	30	20	41	15	12.81	12.94	0.00				
	0	D	RP1584I25R2R1
	20201	F	45	7	30	20	41	20	12.82	12.97	0.00				
	0	D	RP1584I42R2R0
	0	D	ATTCMDUWSP1584WSI42Recs2
	20202	F	45	7	30	20	41	25	12.83	12.90	0.00				
	0	D	RP1584I59R2R1
	20203	F	45	7	30	20	41	30	12.80	12.97	0.00				
	0	D	RP1584I76R2R0
	0	D	ATTCMDUWSP1584WSI76Recs2
	20204	M	45	7	30	20	41	35	12.81	12.97	0.00				680	863	954	604	1010	893	652	470	627	946	781	739	460	363	488	538										
	0	D	RP1584I125R2R1
	20205	F	45	7	30	20	41	40	12.82	12.92	0.00				
	0	D	RP1584I142R2R0
	0	D	ATTCMDUWSP1584WSI142Recs2
	20206	F	45	7	30	20	41	45	12.83	12.98	0.00				
	0	D	RP1584I159R2R1
	20207	F	45	7	30	20	41	50	12.84	12.95	0.00				
	0	D	RP1584I176R2R0
	0	D	ATTCMDUWSP1584WSI176Recs2
	20208	F	45	7	30	20	41	55	12.82	12.92	0.00				
	0	D	RP1584I193R2R1
	20209	F	45	7	30	20	42	0	12.82	12.95	0.00				
	0	D	RP1584I210R2R0
	0	D	ATTCMDUWSP1584WSI210Recs21
	20210	F	45	7	30	20	42	5	12.83	12.95	0.00				
	0	D	RP1584I227R2R20
	20211	F	45	7	30	20	42	10	12.83	12.95	0.00				
	0	D	RP1584I244R2R19
	20212	S	45	7	30	20	49	5	12.83	12.95	0.00				680	863	954	604	1010	892	652	470	627	946	781	739	460	363	488	538										12.14	12.37	13.10	12.11	0.00	0.00	0.00	0.00	26.95	45.67	21.36	50.47	
	0	D	RP1585I61R2R18
	20213	F	45	7	30	20	49	19	12.81	12.92	0.00				
	0	D	RP1585I78R2R17
	20214	F	45	7	30	20	49	24	12.81	12.92	0.00				
	0	D	RP1585I95R2R16
	20215	F	45	7	30	20	49	29	12.80	12.91	0.00				
	0	D	RP1585I112R2R15
	20216	F	45	7	30	20	49	34	12.80	12.92	0.00				
	0	D	RP1585I129R2R14
	20217	F	45	7	30	20	49	39	12.81	12.92	0.00				
	0	D	RP1585I146R2R13
	20218	F	45	7	30	20	49	44	12.79	12.95	0.00				
	0	D	RP1585I163R2R12
	20219	F	45	7	30	20	49	49	12.80	12.94	0.00				
	0	D	RP1585I180R2R11
	20220	F	45	7	30	20	49	54	12.79	12.92	0.00				
	0	D	RP1585I197R2R10
	20221	F	45	7	30	20	49	59	12.79	12.92	0.00				
	0	D	RP1585I214R2R9
	20222	F	45	7	30	20	50	4	12.79	12.89	0.00				
	0	D	RP1585I231R2R8
	20223	F	45	7	30	20	50	9	12.79	12.89	0.00				
	0	D	RP1585I248R2R7
	20224	M	45	7	30	20	50	14	12.79	12.94	0.00				680	863	953	604	1010	892	652	470	627	946	781	739	460	363	488	538										
	0	D	RP1586I41R2R6
	20225	F	45	7	30	20	50	19	12.78	12.94	0.00				
	0	D	RP1586I58R2R5
	20226	F	45	7	30	20	50	24	12.80	12.91	0.00				
	0	D	RP1586I75R2R4
	20227	F	45	7	30	20	50	29	12.81	12.92	0.00				
	0	D	RP1586I92R2R3
	20228	F	45	7	30	20	50	34	12.77	12.91	0.00				
	0	D	RP1586I109R2R2
	20229	F	45	7	30	20	50	39	12.77	12.96	0.00				
	0	D	RP1586I126R2R1
	20230	F	45	7	30	20	50	44	12.80	12.92	0.00				
	0	D	RP1586I143R2R0
	0	D	ATTCMDUWSP1586WSI143Recs2
	20231	F	45	7	30	20	50	49	12.81	12.94	0.00				
	0	D	RP1586I160R2R1
	20232	F	45	7	30	20	50	54	12.82	12.97	0.00				
	0	D	RP1586I177R2R0
	0	D	ATTCMDUWSP1586WSI177Recs2
	20233	F	45	7	30	20	50	59	12.82	12.92	0.00				
	0	D	RP1586I194R2R1
	20234	F	45	7	30	20	51	4	12.84	12.91	0.00				
	0	D	RP1586I211R2R0
	0	D	ATTCMDUWSP1586WSI211Recs2
	20235	F	45	7	30	20	51	9	12.78	12.94	0.00				
	0	D	RP1586I228R2R1
	20236	M	45	7	30	20	51	14	12.77	12.92	0.00				680	863	953	604	1010	892	652	470	627	946	781	739	460	363	488	538										
	0	D	RP1587I21R2R0
	0	D	ATTCMDUWSP1587WSI21Recs2
	20237	F	45	7	30	20	51	19	12.76	12.90	0.00				
	0	D	RP1587I38R2R1
	20238	F	45	7	30	20	51	24	12.80	12.93	0.00				
	0	D	RP1587I55R2R0
	0	D	ATTQCMDUWSP1587WSI55Recs9
	20239	F	45	7	30	20	51	29	12.81	12.93	0.00				
	0	D	RP1587I72R2R8
	20240	F	45	7	30	20	51	34	12.77	12.92	0.00				
	0	D	RP1587I89R2R7
	20241	M	45	7	30	20	52	23	12.80	12.90	0.00				680	863	953	604	1010	892	652	470	627	946	781	739	460	364	488	538										
	0	D	RP1587I138R2R6
	20242	F	45	7	30	20	52	28	12.79	12.92	0.00				
	0	D	RP1587I155R2R5
	20243	F	45	7	30	20	52	33	12.79	12.92	0.00				
	0	D	RP1587I172R2R4
	20244	F	45	7	30	20	52	38	12.81	12.94	0.00				
	0	D	RP1587I189R2R3
	20245	F	45	7	30	20	52	43	12.82	12.91	0.00				
	0	D	RP1587I206R2R2
	20246	F	45	7	30	20	52	48	12.79	12.88	0.00				
	0	D	RP1587I223R2R1
	20247	F	45	7	30	20	52	53	12.80	12.93	0.00				
	0	D	RP1587I240R2R0
	0	D	ATTQCMDUWSP1587WSI240Recs2
	20248	F	45	7	30	20	52	58	12.78	12.90	0.00				
	0	D	RP1588I1R2R1
	20249	F	45	7	30	20	53	3	12.80	12.88	0.00				
	0	D	RP1588I18R2R0
	0	D	ATTQCMDUWSP1588WSI18Recs2
	20250	F	45	7	30	20	53	8	12.81	12.91	0.00				
	0	D	RP1588I35R2R1
	20251	F	45	7	30	20	53	13	12.80	12.92	0.00				
	0	D	RP1588I52R2R0
	0	D	ATTQCMDUWSP1588WSI52Recs2
	20252	F	45	7	30	20	53	18	12.78	12.91	0.00				
	0	D	RP1588I69R2R1
	20253	M	45	7	30	20	53	23	12.81	12.89	0.00				680	863	953	604	1010	892	652	470	627	946	781	740	460	363	488	538										
	0	D	RP1588I118R2R0
	0	D	ATTQCMDUWSP1588WSI118Recs9
	20254	F	45	7	30	20	53	28	12.78	12.91	0.00				
	0	D	RP1588I135R2R8
	20255	F	45	7	30	20	53	33	12.81	12.92	0.00				
	0	D	RP1588I152R2R7
	20256	S	45	7	30	20	56	28	12.79	12.94	0.00				680	863	953	604	1010	892	652	470	626	946	781	739	460	363	488	538										12.14	12.38	13.09	12.11	0.00	0.00	0.00	0.00	26.83	45.71	21.26	50.39	
	0	D	RP1588I225R2R6
	20257	F	45	7	30	20	56	42	12.76	12.96	0.00				
	0	D	RP1588I242R2R5
	20258	F	45	7	30	20	56	47	12.80	12.91	0.00				
	0	D	RP1589I3R2R4
	20259	F	45	7	30	20	56	52	12.78	12.88	0.00				
	0	D	RP1589I20R2R3
	20260	F	45	7	30	20	56	57	12.77	12.93	0.00				
	0	D	RP1589I37R2R2
	20261	F	45	7	30	20	57	2	12.81	12.95	0.00				
	0	D	RP1589I54R2R1
	20262	F	45	7	30	20	57	7	12.80	12.91	0.00				
	0	D	RP1589I71R2R0
	0	D	ATTCMDUWSP1589WSI71Recs1
	20263	F	45	7	30	20	57	12	12.80	12.88	0.00				
	0	D	RP1589I88R2R0
	0	D	ATTCMDUWSP1589WSI88Recs2
	20264	F	45	7	30	20	57	17	12.77	12.89	0.00				
	0	D	RP1589I105R2R1
	20265	F	45	7	30	20	57	22	12.77	12.91	0.00				
	0	D	RP1589I122R2R0
	0	D	ATTCMDUWSP1589WSI122Recs2
	20266	F	45	7	30	20	57	27	12.81	12.89	0.00				
	0	D	RP1589I139R2R1
	20267	F	45	7	30	20	57	32	12.79	12.89	0.00				
	0	D	RP1589I156R2R0
